0.102461 0.101933 0.093918 0.101460 0.098797 0.097953 0.106245 0.099991 0.099359 0.097881 
0.102426 0.101919 0.093924 0.101357 0.098862 0.097943 0.106173 0.100170 0.099342 0.097883 
0.102483 0.101951 0.093919 0.101542 0.098745 0.097970 0.106295 0.099835 0.099378 0.097881 
0.102457 0.101931 0.093915 0.101444 0.098809 0.097947 0.106239 0.100023 0.099355 0.097881 
0.102458 0.101931 0.093914 0.101448 0.098807 0.097946 0.106243 0.100018 0.099355 0.097880 
0.102484 0.101951 0.093916 0.101545 0.098746 0.097965 0.106301 0.099835 0.099377 0.097880 
0.102431 0.101921 0.093918 0.101369 0.098858 0.097937 0.106188 0.100157 0.099341 0.097881 
0.102486 0.101951 0.093910 0.101546 0.098749 0.097958 0.106308 0.099840 0.099374 0.097879 
0.102451 0.101927 0.093900 0.101420 0.098834 0.097924 0.106240 0.100086 0.099341 0.097877 
0.102478 0.101940 0.093884 0.101501 0.098790 0.097918 0.106311 0.099955 0.099349 0.097873 
0.102496 0.101954 0.093878 0.101565 0.098754 0.097922 0.106357 0.099844 0.099359 0.097871 
0.102470 0.101940 0.093920 0.101494 0.098774 0.097962 0.106264 0.099925 0.099368 0.097882 
0.102416 0.101917 0.093931 0.101332 0.098875 0.097947 0.106149 0.100207 0.099341 0.097885 
0.102494 0.101966 0.093930 0.101599 0.098707 0.097993 0.106317 0.099714 0.099398 0.097883 
0.102493 0.101965 0.093931 0.101596 0.098708 0.097994 0.106314 0.099718 0.099398 0.097883 
0.102427 0.101920 0.093929 0.101362 0.098856 0.097949 0.106171 0.100157 0.099346 0.097884 
0.102486 0.101956 0.093928 0.101560 0.098730 0.097983 0.106296 0.099791 0.099387 0.097883 
0.102434 0.101922 0.093927 0.101380 0.098844 0.097950 0.106185 0.100125 0.099348 0.097884 
0.102400 0.101915 0.093941 0.101295 0.098896 0.097953 0.106114 0.100259 0.099341 0.097887 
0.102451 0.101928 0.093926 0.101429 0.098813 0.097957 0.106217 0.100039 0.099357 0.097883 
0.102483 0.101953 0.093930 0.101550 0.098735 0.097985 0.106287 0.099806 0.099387 0.097884 
0.102418 0.101917 0.093935 0.101337 0.098869 0.097953 0.106147 0.100193 0.099345 0.097886 
0.102463 0.101936 0.093927 0.101473 0.098784 0.097967 0.106243 0.099956 0.099367 0.097884 
0.102463 0.101936 0.093929 0.101473 0.098783 0.097969 0.106241 0.099954 0.099368 0.097884 
0.102481 0.101952 0.093933 0.101545 0.098737 0.097986 0.106281 0.099814 0.099387 0.097885 
0.102444 0.101925 0.093931 0.101409 0.098823 0.097960 0.106199 0.100070 0.099356 0.097885 
0.102412 0.101916 0.093940 0.101324 0.098875 0.097956 0.106134 0.100210 0.099345 0.097887 
0.102471 0.101942 0.093930 0.101503 0.098763 0.097976 0.106258 0.099895 0.099376 0.097884 
0.102438 0.101923 0.093932 0.101393 0.098832 0.097959 0.106187 0.100096 0.099354 0.097885 
0.102450 0.101928 0.093931 0.101429 0.098810 0.097963 0.106211 0.100033 0.099360 0.097885 
0.102463 0.101936 0.093930 0.101474 0.098781 0.097971 0.106240 0.099950 0.099369 0.097885 
0.102493 0.101969 0.093942 0.101606 0.098697 0.098009 0.106307 0.099685 0.099406 0.097886 
0.102434 0.101921 0.093935 0.101382 0.098839 0.097960 0.106177 0.100114 0.099353 0.097886 
0.102450 0.101928 0.093932 0.101429 0.098809 0.097965 0.106210 0.100031 0.099361 0.097885 
0.102478 0.101950 0.093935 0.101535 0.098741 0.097988 0.106272 0.099828 0.099386 0.097885 
0.102464 0.101937 0.093933 0.101479 0.098777 0.097975 0.106240 0.099938 0.099372 0.097885 
0.102448 0.101927 0.093933 0.101425 0.098811 0.097966 0.106206 0.100038 0.099361 0.097886 
0.102433 0.101921 0.093938 0.101381 0.098837 0.097964 0.106173 0.100111 0.099354 0.097887 
0.102412 0.101916 0.093945 0.101324 0.098872 0.097963 0.106128 0.100204 0.099348 0.097889 
0.102471 0.101944 0.093937 0.101509 0.098757 0.097985 0.106254 0.099878 0.099381 0.097886 
0.102468 0.101941 0.093937 0.101496 0.098764 0.097983 0.106246 0.099901 0.099378 0.097886 
0.102484 0.101958 0.093943 0.101565 0.098720 0.098003 0.106281 0.099763 0.099397 0.097887 
0.102427 0.101919 0.093942 0.101365 0.098846 0.097966 0.106158 0.100135 0.099353 0.097888 
0.102447 0.101927 0.093938 0.101423 0.098809 0.097972 0.106199 0.100035 0.099363 0.097887 
0.102467 0.101940 0.093939 0.101491 0.098766 0.097984 0.106241 0.099909 0.099378 0.097887 
0.102453 0.101930 0.093938 0.101442 0.098797 0.097975 0.106211 0.100001 0.099367 0.097887 
0.102467 0.101941 0.093940 0.101495 0.098763 0.097986 0.106242 0.099900 0.099379 0.097887 
0.102437 0.101923 0.093941 0.101394 0.098827 0.097970 0.106177 0.100084 0.099359 0.097888 
0.102420 0.101917 0.093946 0.101345 0.098857 0.097968 0.106141 0.100165 0.099352 0.097889 
0.102484 0.101959 0.093947 0.101568 0.098716 0.098008 0.106279 0.099751 0.099400 0.097888 
0.102437 0.101923 0.093942 0.101394 0.098826 0.097971 0.106176 0.100084 0.099359 0.097888 
0.102450 0.101929 0.093941 0.101435 0.098800 0.097977 0.106204 0.100010 0.099367 0.097888 
0.102420 0.101917 0.093947 0.101346 0.098855 0.097969 0.106140 0.100163 0.099353 0.097889 
0.102479 0.101954 0.093946 0.101548 0.098728 0.098004 0.106267 0.099791 0.099395 0.097888 
0.102418 0.101917 0.093948 0.101341 0.098858 0.097970 0.106135 0.100171 0.099352 0.097890 
0.102423 0.101918 0.093947 0.101354 0.098850 0.097970 0.106145 0.100149 0.099354 0.097889 
0.102448 0.101928 0.093942 0.101428 0.098804 0.097977 0.106198 0.100021 0.099366 0.097888 
0.102473 0.101947 0.093944 0.101520 0.098745 0.097996 0.106252 0.099846 0.099388 0.097888 
0.102456 0.101933 0.093942 0.101456 0.098786 0.097982 0.106215 0.099970 0.099372 0.097888 
0.102407 0.101914 0.093953 0.101314 0.098874 0.097971 0.106112 0.100213 0.099350 0.097891 
0.102451 0.101930 0.093943 0.101437 0.098797 0.097980 0.106202 0.100003 0.099369 0.097888 
0.102448 0.101928 0.093944 0.101428 0.098803 0.097979 0.106196 0.100019 0.099367 0.097888 
0.102430 0.101920 0.093947 0.101373 0.098837 0.097973 0.106158 0.100115 0.099358 0.097889 
0.102446 0.101927 0.093944 0.101423 0.098806 0.097978 0.106192 0.100028 0.099366 0.097889 
0.102414 0.101916 0.093952 0.101331 0.098863 0.097972 0.106125 0.100184 0.099352 0.097891 
0.102434 0.101922 0.093946 0.101386 0.098829 0.097975 0.106166 0.100093 0.099360 0.097889 
0.102444 0.101926 0.093946 0.101417 0.098809 0.097979 0.106186 0.100038 0.099366 0.097889 
0.102481 0.101958 0.093952 0.101562 0.098717 0.098013 0.106269 0.099757 0.099402 0.097889 
0.102428 0.101919 0.093949 0.101368 0.098840 0.097975 0.106151 0.100123 0.099358 0.097890 
0.102435 0.101922 0.093948 0.101390 0.098825 0.097977 0.106167 0.100084 0.099361 0.097890 
0.102423 0.101918 0.093951 0.101355 0.098847 0.097975 0.106141 0.100143 0.099356 0.097890 
0.102482 0.101960 0.093954 0.101568 0.098712 0.098017 0.106270 0.099743 0.099404 0.097890 
0.102457 0.101934 0.093947 0.101460 0.098781 0.097988 0.106212 0.099957 0.099375 0.097889 
0.102404 0.101914 0.093958 0.101306 0.098877 0.097975 0.106102 0.100221 0.099351 0.097892 
0.102437 0.101923 0.093948 0.101397 0.098821 0.097979 0.106171 0.100071 0.099363 0.097890 
0.102443 0.101926 0.093948 0.101415 0.098810 0.097981 0.106183 0.100039 0.099366 0.097890 
0.102418 0.101917 0.093953 0.101343 0.098854 0.097976 0.106131 0.100161 0.099355 0.097891 
0.102478 0.101954 0.093953 0.101546 0.098726 0.098011 0.106258 0.099786 0.099398 0.097890 
0.102428 0.101919 0.093951 0.101369 0.098838 0.097978 0.106150 0.100119 0.099359 0.097891 
0.102475 0.101951 0.093953 0.101536 0.098732 0.098009 0.106252 0.099806 0.099396 0.097890 
0.102464 0.101940 0.093950 0.101488 0.098762 0.097997 0.106226 0.099901 0.099383 0.097890 
0.102411 0.101915 0.093957 0.101324 0.098865 0.097977 0.106114 0.100191 0.099354 0.097892 
0.102404 0.101913 0.093961 0.101306 0.098875 0.097979 0.106098 0.100217 0.099353 0.097893 
0.102458 0.101936 0.093951 0.101469 0.098774 0.097994 0.106213 0.099936 0.099379 0.097890 
0.102430 0.101920 0.093953 0.101377 0.098831 0.097981 0.106153 0.100101 0.099362 0.097891 
0.102456 0.101934 0.093951 0.101462 0.098777 0.097994 0.106208 0.099947 0.099378 0.097890 
0.102430 0.101920 0.093954 0.101376 0.098831 0.097982 0.106151 0.100103 0.099362 0.097891 
0.101973 0.102062 0.094306 0.100714 0.099205 0.098319 0.105279 0.100677 0.099497 0.097969 
0.102009 0.102041 0.094271 0.100747 0.099188 0.098280 0.105346 0.100681 0.099477 0.097961 
0.102434 0.101922 0.093954 0.101388 0.098824 0.097984 0.106159 0.100081 0.099364 0.097891 
0.101983 0.102055 0.094296 0.100723 0.099200 0.098308 0.105298 0.100679 0.099491 0.097967 
0.102416 0.101916 0.093959 0.101337 0.098854 0.097982 0.106121 0.100165 0.099357 0.097893 
0.101954 0.102072 0.094325 0.100697 0.099213 0.098340 0.105244 0.100674 0.099508 0.097973 
0.102457 0.101935 0.093953 0.101466 0.098774 0.097997 0.106209 0.099938 0.099380 0.097891 
0.102471 0.101948 0.093956 0.101520 0.098739 0.098010 0.106239 0.099833 0.099394 0.097891 
0.102419 0.101917 0.093958 0.101348 0.098848 0.097982 0.106128 0.100148 0.099359 0.097892 
0.102461 0.101938 0.093954 0.101478 0.098766 0.098000 0.106216 0.099914 0.099383 0.097891 
0.102471 0.101948 0.093956 0.101520 0.098739 0.098010 0.106238 0.099832 0.099394 0.097891 
0.102446 0.101928 0.093953 0.101428 0.098798 0.097990 0.106185 0.100008 0.099372 0.097891 
0.102416 0.101916 0.093959 0.101338 0.098854 0.097982 0.106121 0.100163 0.099358 0.097893 
0.101968 0.102064 0.094312 0.100708 0.099207 0.098326 0.105268 0.100677 0.099500 0.097970 
0.102012 0.102039 0.094269 0.100750 0.099186 0.098277 0.105350 0.100681 0.099475 0.097961 
0.102441 0.101925 0.093954 0.101410 0.098809 0.097988 0.106172 0.100041 0.099369 0.097891 
0.102467 0.101944 0.093956 0.101506 0.098748 0.098007 0.106230 0.099860 0.099391 0.097891 
0.101976 0.102059 0.094305 0.100716 0.099203 0.098317 0.105283 0.100678 0.099496 0.097968 
0.102457 0.101935 0.093954 0.101465 0.098774 0.097998 0.106207 0.099938 0.099381 0.097891 
0.102426 0.101919 0.093957 0.101365 0.098836 0.097984 0.106141 0.100118 0.099362 0.097892 
0.102418 0.101916 0.093960 0.101343 0.098850 0.097983 0.106124 0.100155 0.099359 0.097893 
0.102399 0.101913 0.093966 0.101296 0.098879 0.097984 0.106086 0.100229 0.099354 0.097895 
0.099741 0.103822 0.096918 0.099723 0.099456 0.101526 0.101356 0.097641 0.101324 0.098493 
0.101958 0.102069 0.094323 0.100699 0.099211 0.098338 0.105249 0.100675 0.099506 0.097972 
0.102426 0.101919 0.093958 0.101366 0.098836 0.097985 0.106141 0.100116 0.099362 0.097892 
0.101968 0.102063 0.094313 0.100708 0.099207 0.098326 0.105267 0.100677 0.099501 0.097970 
0.102485 0.101967 0.093966 0.101592 0.098692 0.098036 0.106270 0.099682 0.099417 0.097893 
0.102453 0.101933 0.093955 0.101452 0.098782 0.097996 0.106198 0.099963 0.099378 0.097891 
0.102484 0.101966 0.093966 0.101587 0.098695 0.098034 0.106268 0.099693 0.099416 0.097893 
0.102444 0.101927 0.093955 0.101422 0.098801 0.097991 0.106179 0.100017 0.099372 0.097892 
0.102445 0.101927 0.093955 0.101424 0.098800 0.097992 0.106180 0.100014 0.099372 0.097892 
0.102431 0.101921 0.093957 0.101380 0.098827 0.097987 0.106150 0.100091 0.099365 0.097892 
0.102005 0.102043 0.094277 0.100742 0.099189 0.098286 0.105334 0.100681 0.099480 0.097963 
0.102429 0.101920 0.093957 0.101376 0.098829 0.097986 0.106147 0.100098 0.099364 0.097892 
0.101972 0.102060 0.094309 0.100712 0.099204 0.098322 0.105275 0.100678 0.099498 0.097969 
0.102429 0.101920 0.093958 0.101376 0.098829 0.097987 0.106147 0.100098 0.099364 0.097892 
0.102438 0.101924 0.093956 0.101403 0.098812 0.097989 0.106166 0.100051 0.099369 0.097892 
0.101966 0.102064 0.094315 0.100706 0.099207 0.098329 0.105263 0.100677 0.099502 0.097971 
0.101982 0.102055 0.094300 0.100720 0.099200 0.098312 0.105292 0.100679 0.099493 0.097968 
0.102447 0.101929 0.093956 0.101430 0.098795 0.097994 0.106183 0.100002 0.099374 0.097892 
0.102452 0.101932 0.093956 0.101449 0.098783 0.097997 0.106195 0.099966 0.099378 0.097892 
0.102426 0.101919 0.093959 0.101366 0.098835 0.097986 0.106139 0.100114 0.099363 0.097893 
0.101984 0.102054 0.094298 0.100722 0.099199 0.098309 0.105296 0.100680 0.099491 0.097967 
0.101983 0.102054 0.094299 0.100721 0.099199 0.098311 0.105294 0.100680 0.099492 0.097967 
0.101974 0.102059 0.094307 0.100713 0.099203 0.098320 0.105278 0.100679 0.099497 0.097969 
0.101962 0.102066 0.094319 0.100703 0.099208 0.098333 0.105256 0.100677 0.099504 0.097972 
0.102403 0.101913 0.093966 0.101307 0.098871 0.097985 0.106093 0.100211 0.099356 0.097895 
0.102461 0.101939 0.093957 0.101481 0.098762 0.098004 0.106213 0.099905 0.099386 0.097892 
0.102472 0.101950 0.093961 0.101529 0.098732 0.098017 0.106239 0.099810 0.099399 0.097892 
0.102466 0.101943 0.093958 0.101501 0.098749 0.098010 0.106224 0.099865 0.099391 0.097892 
0.102445 0.101928 0.093957 0.101425 0.098798 0.097994 0.106179 0.100009 0.099373 0.097892 
0.101972 0.102060 0.094309 0.100712 0.099204 0.098322 0.105274 0.100678 0.099498 0.097970 
0.102434 0.101922 0.093958 0.101389 0.098820 0.097989 0.106155 0.100073 0.099367 0.097893 
0.101966 0.102064 0.094316 0.100705 0.099207 0.098330 0.105262 0.100677 0.099502 0.097971 
0.101979 0.102056 0.094303 0.100717 0.099201 0.098316 0.105285 0.100679 0.099495 0.097968 
0.102469 0.101947 0.093960 0.101517 0.098739 0.098014 0.106232 0.099834 0.099396 0.097892 
0.102448 0.101929 0.093957 0.101435 0.098791 0.097996 0.106185 0.099991 0.099376 0.097892 
0.101993 0.102048 0.094290 0.100730 0.099194 0.098300 0.105311 0.100681 0.099487 0.097966 
0.102431 0.101921 0.093959 0.101382 0.098824 0.097989 0.106149 0.100085 0.099366 0.097893 
0.102138 0.101928 0.094270 0.100838 0.099057 0.098268 0.105430 0.100642 0.099448 0.097981 
0.102417 0.101954 0.094145 0.101477 0.098669 0.098221 0.105991 0.099688 0.099487 0.097952 
0.102081 0.101951 0.094318 0.100768 0.099095 0.098317 0.105324 0.100684 0.099470 0.097992 
0.102388 0.101918 0.094131 0.101341 0.098757 0.098179 0.105924 0.099966 0.099447 0.097950 
0.102056 0.101963 0.094341 0.100738 0.099111 0.098341 0.105276 0.100697 0.099482 0.097997 
0.102380 0.101913 0.094131 0.101313 0.098774 0.098173 0.105907 0.100018 0.099440 0.097950 
0.102387 0.101917 0.094132 0.101335 0.098760 0.098178 0.105921 0.099976 0.099446 0.097950 
0.102371 0.101907 0.094132 0.101283 0.098793 0.098169 0.105887 0.100073 0.099434 0.097950 
0.102138 0.101928 0.094270 0.100838 0.099057 0.098268 0.105430 0.100642 0.099448 0.097981 
0.102411 0.101944 0.094141 0.101444 0.098690 0.098209 0.105977 0.099758 0.099476 0.097951 
0.102402 0.101931 0.094135 0.101396 0.098721 0.098193 0.105954 0.099857 0.099461 0.097950 
0.102357 0.101901 0.094134 0.101241 0.098819 0.098164 0.105858 0.100146 0.099427 0.097951 
0.102397 0.101926 0.094134 0.101374 0.098735 0.098187 0.105942 0.099900 0.099455 0.097950 
0.098298 0.105030 0.098841 0.099307 0.099315 0.103941 0.098770 0.094958 0.102676 0.098864 
0.102393 0.101922 0.094133 0.101359 0.098745 0.098183 0.105934 0.099929 0.099451 0.097950 
0.102097 0.101944 0.094304 0.100787 0.099085 0.098303 0.105354 0.100674 0.099464 0.097989 
0.102215 0.101904 0.094210 0.100949 0.098994 0.098211 0.105577 0.100547 0.099424 0.097968 
0.102319 0.101893 0.094148 0.101144 0.098879 0.098164 0.105781 0.100301 0.099417 0.097954 
0.102160 0.101920 0.094252 0.100868 0.099040 0.098250 0.105472 0.100620 0.099440 0.097978 
0.102375 0.101909 0.094132 0.101293 0.098786 0.098170 0.105894 0.100053 0.099437 0.097950 
0.102349 0.101899 0.094137 0.101217 0.098834 0.098163 0.105840 0.100186 0.099424 0.097952 
0.102365 0.101904 0.094133 0.101264 0.098805 0.098167 0.105874 0.100106 0.099431 0.097951 
0.102350 0.101899 0.094136 0.101221 0.098831 0.098164 0.105843 0.100179 0.099425 0.097952 
0.102357 0.101901 0.094135 0.101240 0.098820 0.098165 0.105857 0.100147 0.099427 0.097951 
0.102233 0.101900 0.094198 0.100977 0.098978 0.098200 0.105610 0.100518 0.099421 0.097966 
0.102234 0.101900 0.094197 0.100979 0.098977 0.098199 0.105612 0.100515 0.099421 0.097966 
0.102378 0.101911 0.094132 0.101306 0.098779 0.098173 0.105902 0.100031 0.099439 0.097950 
0.102368 0.101906 0.094133 0.101272 0.098800 0.098168 0.105880 0.100092 0.099433 0.097951 
0.102388 0.101918 0.094132 0.101340 0.098756 0.098180 0.105923 0.099965 0.099447 0.097950 
0.102372 0.101908 0.094132 0.101284 0.098792 0.098170 0.105888 0.100069 0.099435 0.097950 
0.102370 0.101907 0.094133 0.101279 0.098795 0.098169 0.105884 0.100078 0.099434 0.097951 
0.102210 0.101905 0.094215 0.100940 0.098999 0.098215 0.105566 0.100555 0.099426 0.097969 
0.102118 0.101936 0.094287 0.100811 0.099071 0.098286 0.105391 0.100659 0.099455 0.097985 
0.102340 0.101896 0.094140 0.101194 0.098848 0.098163 0.105822 0.100223 0.099422 0.097953 
0.102378 0.101911 0.094132 0.101306 0.098778 0.098173 0.105901 0.100030 0.099439 0.097950 
0.102365 0.101904 0.094134 0.101262 0.098806 0.098167 0.105872 0.100109 0.099431 0.097951 
0.102356 0.101901 0.094135 0.101236 0.098822 0.098165 0.105854 0.100153 0.099427 0.097951 
0.102337 0.101896 0.094141 0.101185 0.098853 0.098163 0.105815 0.100237 0.099421 0.097953 
0.102367 0.101905 0.094133 0.101269 0.098801 0.098168 0.105877 0.100096 0.099432 0.097951 
0.102360 0.101902 0.094134 0.101249 0.098813 0.098166 0.105863 0.100130 0.099429 0.097951 
0.102363 0.101904 0.094134 0.101258 0.098808 0.098167 0.105870 0.100115 0.099431 0.097951 
0.102353 0.101900 0.094136 0.101227 0.098827 0.098165 0.105847 0.100168 0.099426 0.097952 
0.102087 0.101948 0.094313 0.100774 0.099091 0.098313 0.105334 0.100680 0.099468 0.097991 
0.102309 0.101892 0.094153 0.101122 0.098892 0.098167 0.105760 0.100333 0.099416 0.097956 
0.102101 0.101943 0.094302 0.100791 0.099082 0.098301 0.105359 0.100672 0.099462 0.097988 
0.102346 0.101898 0.094138 0.101211 0.098837 0.098164 0.105835 0.100195 0.099424 0.097952 
0.102374 0.101909 0.094133 0.101293 0.098786 0.098172 0.105893 0.100052 0.099437 0.097951 
0.102322 0.101893 0.094148 0.101149 0.098875 0.098165 0.105784 0.100292 0.099418 0.097954 
0.102307 0.101892 0.094154 0.101117 0.098894 0.098168 0.105755 0.100339 0.099416 0.097956 
0.102365 0.101905 0.094134 0.101264 0.098804 0.098168 0.105873 0.100104 0.099432 0.097951 
0.102229 0.101901 0.094201 0.100971 0.098981 0.098203 0.105602 0.100523 0.099422 0.097967 
0.102350 0.101899 0.094137 0.101220 0.098831 0.098165 0.105842 0.100179 0.099425 0.097952 
0.102300 0.101892 0.094158 0.101102 0.098903 0.098170 0.105741 0.100361 0.099416 0.097957 
0.102246 0.101897 0.094190 0.101000 0.098964 0.098193 0.105635 0.100491 0.099419 0.097964 
0.102262 0.101895 0.094180 0.101028 0.098947 0.098185 0.105667 0.100457 0.099417 0.097962 
0.102379 0.101912 0.094133 0.101309 0.098776 0.098175 0.105903 0.100023 0.099440 0.097951 
0.102136 0.101928 0.094273 0.100835 0.099057 0.098271 0.105425 0.100644 0.099449 0.097982 
0.102366 0.101905 0.094134 0.101268 0.098801 0.098169 0.105876 0.100097 0.099433 0.097951 
0.102311 0.101893 0.094153 0.101125 0.098889 0.098167 0.105762 0.100328 0.099417 0.097956 
0.102371 0.101907 0.094134 0.101283 0.098792 0.098171 0.105886 0.100070 0.099435 0.097951 
0.102200 0.101908 0.094223 0.100924 0.099007 0.098222 0.105545 0.100570 0.099429 0.097971 
0.102320 0.101893 0.094149 0.101146 0.098877 0.098166 0.105781 0.100297 0.099418 0.097955 
0.102362 0.101903 0.094135 0.101256 0.098809 0.098168 0.105867 0.100118 0.099431 0.097951 
0.102302 0.101892 0.094157 0.101105 0.098901 0.098170 0.105744 0.100356 0.099416 0.097957 
0.102340 0.101896 0.094141 0.101194 0.098847 0.098164 0.105820 0.100222 0.099422 0.097953 
0.102364 0.101904 0.094135 0.101262 0.098805 0.098168 0.105871 0.100107 0.099432 0.097951 
0.102374 0.101909 0.094134 0.101292 0.098786 0.098172 0.105892 0.100053 0.099437 0.097951 
0.102159 0.101920 0.094254 0.100866 0.099040 0.098253 0.105468 0.100621 0.099441 0.097978 
0.102379 0.101912 0.094133 0.101308 0.098776 0.098175 0.105901 0.100025 0.099441 0.097951 
0.102119 0.101935 0.094287 0.100813 0.099069 0.098285 0.105393 0.100658 0.099455 0.097985 
0.102331 0.101895 0.094144 0.101173 0.098860 0.098165 0.105803 0.100255 0.099420 0.097954 
0.102387 0.101918 0.094134 0.101337 0.098758 0.098181 0.105919 0.099970 0.099447 0.097951 
0.102388 0.101919 0.094134 0.101343 0.098754 0.098182 0.105923 0.099957 0.099449 0.097951 
0.102370 0.101907 0.094134 0.101278 0.098795 0.098171 0.105882 0.100078 0.099435 0.097951 
0.102347 0.101898 0.094139 0.101212 0.098836 0.098165 0.105835 0.100191 0.099424 0.097952 
0.102162 0.101919 0.094252 0.100870 0.099037 0.098250 0.105474 0.100617 0.099440 0.097978 
0.102170 0.101916 0.094246 0.100881 0.099031 0.098244 0.105489 0.100608 0.099437 0.097976 
0.102365 0.101904 0.094135 0.101263 0.098804 0.098169 0.105871 0.100105 0.099432 0.097951 
0.102374 0.101909 0.094134 0.101294 0.098785 0.098173 0.105892 0.100050 0.099438 0.097951 
0.102355 0.101901 0.094137 0.101235 0.098822 0.098166 0.105851 0.100154 0.099428 0.097952 
0.102356 0.101901 0.094137 0.101238 0.098820 0.098167 0.105854 0.100148 0.099428 0.097952 
0.102342 0.101897 0.094141 0.101200 0.098844 0.098165 0.105824 0.100212 0.099423 0.097953 
0.102419 0.101959 0.094151 0.101492 0.098658 0.098230 0.105993 0.099652 0.099494 0.097953 
0.102332 0.101895 0.094144 0.101175 0.098859 0.098165 0.105805 0.100251 0.099420 0.097954 
0.102150 0.101923 0.094262 0.100854 0.099046 0.098260 0.105451 0.100630 0.099444 0.097980 
0.102392 0.101922 0.094135 0.101359 0.098744 0.098186 0.105931 0.099927 0.099453 0.097951 
0.102351 0.101899 0.094138 0.101225 0.098828 0.098166 0.105844 0.100171 0.099426 0.097952 
0.102343 0.101897 0.094140 0.101203 0.098841 0.098165 0.105827 0.100206 0.099423 0.097953 
0.102380 0.101913 0.094134 0.101313 0.098773 0.098176 0.105904 0.100014 0.099442 0.097951 
0.102173 0.101916 0.094244 0.100885 0.099029 0.098242 0.105493 0.100605 0.099437 0.097976 
0.102351 0.101899 0.094138 0.101223 0.098829 0.098166 0.105843 0.100173 0.099426 0.097952 
0.102374 0.101909 0.094134 0.101294 0.098785 0.098173 0.105892 0.100049 0.099438 0.097951 
0.102371 0.101908 0.094134 0.101284 0.098791 0.098172 0.105885 0.100067 0.099436 0.097951 
0.102365 0.101904 0.094135 0.101263 0.098804 0.098169 0.105871 0.100104 0.099432 0.097952 
0.102307 0.101892 0.094156 0.101117 0.098894 0.098169 0.105753 0.100339 0.099417 0.097957 
0.102305 0.101892 0.094156 0.101114 0.098896 0.098170 0.105751 0.100343 0.099417 0.097957 
0.102299 0.101892 0.094160 0.101100 0.098904 0.098172 0.105737 0.100363 0.099416 0.097957 
0.102334 0.101895 0.094144 0.101179 0.098856 0.098165 0.105807 0.100245 0.099421 0.097954 
0.102333 0.101895 0.094144 0.101177 0.098857 0.098165 0.105806 0.100248 0.099421 0.097954 
0.102373 0.101909 0.094135 0.101290 0.098787 0.098173 0.105889 0.100057 0.099437 0.097951 
0.102375 0.101910 0.094134 0.101296 0.098783 0.098174 0.105893 0.100045 0.099438 0.097951 
0.102313 0.101893 0.094153 0.101130 0.098886 0.098168 0.105765 0.100320 0.099417 0.097956 
0.102289 0.101892 0.094165 0.101079 0.098917 0.098175 0.105717 0.100392 0.099416 0.097959 
0.102108 0.101939 0.094297 0.100799 0.099076 0.098295 0.105372 0.100666 0.099460 0.097988 
0.102369 0.101907 0.094135 0.101278 0.098794 0.098171 0.105881 0.100078 0.099435 0.097951 
0.102374 0.101909 0.094135 0.101294 0.098784 0.098174 0.105891 0.100049 0.099438 0.097951 
0.102347 0.101898 0.094140 0.101213 0.098835 0.098166 0.105834 0.100190 0.099425 0.097953 
0.102352 0.101900 0.094138 0.101227 0.098826 0.098167 0.105845 0.100166 0.099427 0.097952 
0.102289 0.101892 0.094165 0.101079 0.098916 0.098175 0.105717 0.100392 0.099416 0.097959 
0.102332 0.101895 0.094145 0.101176 0.098858 0.098166 0.105804 0.100250 0.099421 0.097954 
0.102367 0.101906 0.094135 0.101272 0.098798 0.098171 0.105877 0.100088 0.099434 0.097952 
0.102373 0.101909 0.094135 0.101290 0.098787 0.098173 0.105889 0.100056 0.099437 0.097951 
0.102129 0.101931 0.094279 0.100826 0.099062 0.098277 0.105411 0.100649 0.099451 0.097984 
0.102352 0.101900 0.094139 0.101226 0.098827 0.098167 0.105844 0.100167 0.099427 0.097953 
0.102359 0.101902 0.094137 0.101247 0.098814 0.098168 0.105859 0.100132 0.099430 0.097952 
0.102352 0.101900 0.094139 0.101227 0.098826 0.098167 0.105844 0.100166 0.099427 0.097953 
0.102346 0.101898 0.094140 0.101211 0.098836 0.098166 0.105833 0.100192 0.099425 0.097953 
0.102393 0.101923 0.094136 0.101364 0.098740 0.098188 0.105933 0.099916 0.099454 0.097951 
0.102377 0.101911 0.094135 0.101302 0.098779 0.098176 0.105896 0.100033 0.099440 0.097951 
0.102405 0.101937 0.094141 0.101416 0.098706 0.098204 0.105959 0.099811 0.099469 0.097952 
0.102335 0.101895 0.094144 0.101183 0.098853 0.098166 0.105810 0.100239 0.099421 0.097954 
0.102355 0.101901 0.094138 0.101235 0.098821 0.098168 0.105850 0.100153 0.099428 0.097952 
0.102369 0.101907 0.094136 0.101279 0.098794 0.098172 0.105881 0.100076 0.099435 0.097952 
0.102169 0.101917 0.094248 0.100879 0.099032 0.098246 0.105486 0.100609 0.099438 0.097977 
0.102315 0.101893 0.094152 0.101135 0.098882 0.098168 0.105769 0.100311 0.099418 0.097956 
0.102382 0.101914 0.094135 0.101321 0.098767 0.098179 0.105907 0.099999 0.099444 0.097951 
0.102359 0.101902 0.094137 0.101246 0.098814 0.098169 0.105858 0.100132 0.099430 0.097952 
0.102352 0.101900 0.094139 0.101227 0.098826 0.098167 0.105844 0.100165 0.099427 0.097953 
0.102356 0.101901 0.094138 0.101238 0.098819 0.098168 0.105852 0.100148 0.099429 0.097952 
0.102328 0.101894 0.094147 0.101164 0.098865 0.098167 0.105794 0.100267 0.099420 0.097955 
0.102339 0.101896 0.094143 0.101192 0.098847 0.098166 0.105817 0.100223 0.099423 0.097954 
0.102387 0.101918 0.094136 0.101338 0.098756 0.098183 0.105918 0.099966 0.099448 0.097951 
0.102309 0.101892 0.094155 0.101121 0.098891 0.098170 0.105756 0.100332 0.099417 0.097957 
0.102334 0.101895 0.094145 0.101180 0.098855 0.098166 0.105807 0.100242 0.099421 0.097954 
0.102376 0.101911 0.094135 0.101301 0.098779 0.098176 0.105895 0.100035 0.099440 0.097952 
0.102355 0.101901 0.094138 0.101235 0.098821 0.098168 0.105850 0.100152 0.099428 0.097952 
0.101997 0.101990 0.094397 0.100673 0.099143 0.098402 0.105163 0.100715 0.099511 0.098009 
0.102371 0.101908 0.094136 0.101284 0.098790 0.098173 0.105884 0.100065 0.099437 0.097952 
0.102347 0.101898 0.094140 0.101214 0.098834 0.098167 0.105834 0.100188 0.099425 0.097953 
0.102320 0.101893 0.094150 0.101147 0.098875 0.098168 0.105780 0.100293 0.099419 0.097955 
0.102125 0.101932 0.094283 0.100820 0.099064 0.098281 0.105402 0.100653 0.099453 0.097985 
0.102137 0.101927 0.094273 0.100836 0.099056 0.098271 0.105425 0.100642 0.099449 0.097983 
0.102334 0.101895 0.094145 0.101181 0.098854 0.098167 0.105808 0.100240 0.099422 0.097954 
0.102051 0.101964 0.094348 0.100731 0.099112 0.098348 0.105263 0.100699 0.099485 0.097999 
0.102373 0.101909 0.094136 0.101289 0.098787 0.098174 0.105887 0.100056 0.099438 0.097952 
0.102325 0.101894 0.094148 0.101159 0.098867 0.098167 0.105789 0.100275 0.099420 0.097955 
0.102308 0.101892 0.094156 0.101119 0.098892 0.098170 0.105754 0.100334 0.099417 0.097957 
0.102134 0.101929 0.094276 0.100832 0.099058 0.098274 0.105419 0.100645 0.099450 0.097983 
0.102324 0.101894 0.094149 0.101156 0.098869 0.098168 0.105786 0.100280 0.099419 0.097955 
0.102325 0.101894 0.094149 0.101159 0.098868 0.098167 0.105789 0.100275 0.099420 0.097955 
0.102350 0.101899 0.094140 0.101221 0.098829 0.098168 0.105839 0.100175 0.099426 0.097953 
0.102124 0.101932 0.094285 0.100819 0.099065 0.098283 0.105400 0.100654 0.099454 0.097985 
0.102357 0.101901 0.094138 0.101241 0.098817 0.098169 0.105853 0.100141 0.099429 0.097953 
0.102157 0.101920 0.094258 0.100863 0.099041 0.098256 0.105462 0.100623 0.099442 0.097979 
0.102348 0.101899 0.094141 0.101217 0.098832 0.098168 0.105836 0.100181 0.099426 0.097953 
0.102301 0.101892 0.094160 0.101104 0.098901 0.098173 0.105740 0.100356 0.099417 0.097958 
0.102333 0.101895 0.094146 0.101179 0.098855 0.098167 0.105805 0.100244 0.099422 0.097954 
0.102404 0.101936 0.094142 0.101414 0.098707 0.098204 0.105957 0.099814 0.099469 0.097952 
0.102381 0.101914 0.094136 0.101320 0.098767 0.098180 0.105906 0.099999 0.099444 0.097952 
0.102064 0.101958 0.094337 0.100746 0.099104 0.098337 0.105287 0.100693 0.099479 0.097996 
0.102388 0.101919 0.094137 0.101344 0.098752 0.098185 0.105920 0.099953 0.099450 0.097952 
0.102331 0.101895 0.094146 0.101174 0.098858 0.098167 0.105801 0.100251 0.099421 0.097955 
0.102359 0.101902 0.094138 0.101247 0.098813 0.098170 0.105858 0.100130 0.099431 0.097953 
0.102347 0.101898 0.094141 0.101213 0.098834 0.098168 0.105833 0.100187 0.099426 0.097953 
0.102088 0.101947 0.094316 0.100774 0.099089 0.098315 0.105331 0.100680 0.099468 0.097992 
0.102343 0.101897 0.094143 0.101203 0.098840 0.098168 0.105825 0.100204 0.099424 0.097954 
0.102365 0.101905 0.094138 0.101264 0.098802 0.098172 0.105869 0.100100 0.099434 0.097952 
0.102384 0.101916 0.094137 0.101328 0.098762 0.098182 0.105910 0.099983 0.099447 0.097952 
0.102075 0.101952 0.094327 0.100759 0.099097 0.098326 0.105308 0.100687 0.099474 0.097994 
0.102361 0.101903 0.094138 0.101254 0.098809 0.098171 0.105862 0.100118 0.099432 0.097953 
0.102383 0.101915 0.094137 0.101326 0.098763 0.098182 0.105909 0.099988 0.099446 0.097952 
0.102384 0.101916 0.094137 0.101330 0.098761 0.098183 0.105911 0.099979 0.099447 0.097952 
0.102385 0.101917 0.094137 0.101333 0.098759 0.098183 0.105913 0.099974 0.099448 0.097952 
0.102363 0.101904 0.094138 0.101261 0.098804 0.098172 0.105867 0.100106 0.099433 0.097953 
0.102375 0.101910 0.094137 0.101297 0.098782 0.098177 0.105891 0.100041 0.099440 0.097952 
0.102359 0.101902 0.094139 0.101249 0.098811 0.098171 0.105858 0.100126 0.099431 0.097953 
0.102352 0.101900 0.094140 0.101227 0.098825 0.098169 0.105842 0.100163 0.099428 0.097953 
0.102183 0.101912 0.094238 0.100899 0.099020 0.098237 0.105510 0.100592 0.099434 0.097975 
0.102114 0.101936 0.094294 0.100806 0.099072 0.098292 0.105380 0.100662 0.099458 0.097987 
0.102359 0.101902 0.094139 0.101247 0.098812 0.098171 0.105857 0.100129 0.099431 0.097953 
0.102360 0.101903 0.094139 0.101250 0.098811 0.098171 0.105859 0.100124 0.099431 0.097953 
0.102349 0.101899 0.094142 0.101220 0.098829 0.098169 0.105837 0.100175 0.099427 0.097954 
0.102372 0.101908 0.094138 0.101288 0.098787 0.098176 0.105884 0.100056 0.099438 0.097952 
0.102088 0.101946 0.094316 0.100774 0.099088 0.098315 0.105332 0.100680 0.099468 0.097992 
0.102352 0.101900 0.094141 0.101227 0.098825 0.098170 0.105842 0.100163 0.099428 0.097953 
0.102353 0.101900 0.094141 0.101231 0.098822 0.098170 0.105845 0.100157 0.099429 0.097953 
0.102123 0.101932 0.094287 0.100817 0.099065 0.098285 0.105396 0.100655 0.099455 0.097986 
0.102380 0.101914 0.094138 0.101317 0.098768 0.098181 0.105902 0.100003 0.099444 0.097952 
0.102367 0.101906 0.094138 0.101273 0.098796 0.098174 0.105874 0.100083 0.099436 0.097953 
0.102360 0.101903 0.094139 0.101252 0.098809 0.098172 0.105860 0.100120 0.099432 0.097953 
0.102131 0.101929 0.094280 0.100828 0.099059 0.098278 0.105412 0.100648 0.099451 0.097984 
0.102330 0.101894 0.094148 0.101171 0.098859 0.098169 0.105797 0.100254 0.099422 0.097955 
0.102351 0.101899 0.094142 0.101224 0.098826 0.098170 0.105839 0.100168 0.099428 0.097954 
0.102186 0.101911 0.094236 0.100904 0.099016 0.098235 0.105517 0.100587 0.099433 0.097975 
0.102118 0.101934 0.094291 0.100810 0.099069 0.098289 0.105386 0.100659 0.099457 0.097987 
0.102343 0.101897 0.094144 0.101205 0.098838 0.098169 0.105825 0.100200 0.099425 0.097954 
0.102381 0.101914 0.094138 0.101318 0.098768 0.098181 0.105903 0.100001 0.099445 0.097952 
0.102352 0.101900 0.094141 0.101228 0.098824 0.098170 0.105842 0.100161 0.099428 0.097954 
0.102209 0.101904 0.094219 0.100939 0.098997 0.098219 0.105560 0.100554 0.099427 0.097971 
0.102373 0.101909 0.094138 0.101293 0.098783 0.098177 0.105887 0.100047 0.099440 0.097953 
0.102161 0.101919 0.094256 0.100868 0.099037 0.098254 0.105468 0.100618 0.099441 0.097979 
0.102358 0.101902 0.094140 0.101247 0.098812 0.098172 0.105855 0.100129 0.099431 0.097953 
0.102291 0.101892 0.094167 0.101083 0.098912 0.098177 0.105718 0.100383 0.099417 0.097960 
0.102398 0.101930 0.094142 0.101389 0.098722 0.098199 0.105942 0.099863 0.099463 0.097953 
0.102378 0.101912 0.094138 0.101308 0.098774 0.098180 0.105896 0.100019 0.099443 0.097953 
0.102347 0.101898 0.094143 0.101214 0.098832 0.098170 0.105831 0.100184 0.099427 0.097954 
0.102121 0.101933 0.094289 0.100815 0.099066 0.098287 0.105392 0.100656 0.099455 0.097986 
0.102139 0.101926 0.094274 0.100838 0.099053 0.098272 0.105426 0.100640 0.099449 0.097983 
0.102357 0.101902 0.094141 0.101243 0.098814 0.098172 0.105853 0.100134 0.099431 0.097953 
0.102204 0.101906 0.094224 0.100930 0.099001 0.098223 0.105549 0.100562 0.099429 0.097972 
0.102180 0.101912 0.094241 0.100895 0.099021 0.098240 0.105504 0.100595 0.099435 0.097976 
0.102126 0.101931 0.094285 0.100821 0.099063 0.098282 0.105402 0.100652 0.099453 0.097986 
0.102323 0.101893 0.094152 0.101154 0.098869 0.098170 0.105782 0.100280 0.099420 0.097956 
0.102327 0.101894 0.094150 0.101163 0.098863 0.098170 0.105790 0.100265 0.099421 0.097956 
0.102076 0.101951 0.094327 0.100759 0.099096 0.098327 0.105308 0.100687 0.099474 0.097995 
0.102311 0.101892 0.094157 0.101126 0.098886 0.098172 0.105758 0.100322 0.099419 0.097958 
0.102394 0.101925 0.094141 0.101371 0.098733 0.098195 0.105932 0.099897 0.099458 0.097953 
0.102172 0.101915 0.094248 0.100883 0.099028 0.098246 0.105488 0.100605 0.099438 0.097978 
0.102337 0.101896 0.094147 0.101189 0.098848 0.098170 0.105811 0.100225 0.099424 0.097955 
0.102142 0.101925 0.094272 0.100841 0.099051 0.098270 0.105431 0.100638 0.099448 0.097983 
0.102372 0.101909 0.094139 0.101289 0.098785 0.098178 0.105883 0.100054 0.099439 0.097953 
0.102377 0.101912 0.094139 0.101306 0.098774 0.098181 0.105894 0.100021 0.099443 0.097953 
0.102102 0.101941 0.094305 0.100790 0.099079 0.098304 0.105355 0.100671 0.099463 0.097990 
0.102306 0.101892 0.094160 0.101115 0.098893 0.098174 0.105747 0.100338 0.099418 0.097958 
0.102347 0.101898 0.094144 0.101214 0.098832 0.098170 0.105830 0.100184 0.099427 0.097954 
0.102170 0.101915 0.094250 0.100880 0.099029 0.098248 0.105484 0.100607 0.099439 0.097978 
0.102375 0.101911 0.094139 0.101300 0.098778 0.098180 0.105890 0.100033 0.099442 0.097953 
0.102387 0.101919 0.094140 0.101344 0.098751 0.098188 0.105916 0.099950 0.099452 0.097953 
0.102304 0.101892 0.094161 0.101111 0.098895 0.098174 0.105743 0.100343 0.099418 0.097958 
0.102360 0.101903 0.094141 0.101251 0.098809 0.098173 0.105857 0.100121 0.099432 0.097953 
0.102322 0.101893 0.094152 0.101153 0.098870 0.098171 0.105781 0.100281 0.099421 0.097956 
0.102365 0.101905 0.094140 0.101266 0.098799 0.098175 0.105868 0.100093 0.099435 0.097953 
0.102387 0.101919 0.094140 0.101341 0.098752 0.098188 0.105915 0.099956 0.099451 0.097953 
0.102337 0.101896 0.094147 0.101189 0.098847 0.098170 0.105811 0.100224 0.099424 0.097955 
0.102317 0.101893 0.094155 0.101141 0.098877 0.098172 0.105770 0.100299 0.099420 0.097957 
0.102113 0.101936 0.094296 0.100804 0.099071 0.098294 0.105377 0.100662 0.099459 0.097988 
0.102291 0.101892 0.094167 0.101085 0.098911 0.098178 0.105719 0.100380 0.099418 0.097960 
0.102205 0.101905 0.094223 0.100932 0.099000 0.098223 0.105551 0.100560 0.099429 0.097972 
0.102350 0.101899 0.094143 0.101224 0.098826 0.098171 0.105837 0.100167 0.099428 0.097954 
0.102371 0.101908 0.094139 0.101285 0.098787 0.098178 0.105880 0.100060 0.099439 0.097953 
0.102138 0.101926 0.094275 0.100836 0.099054 0.098273 0.105423 0.100641 0.099449 0.097984 
0.102376 0.101911 0.094139 0.101302 0.098777 0.098180 0.105891 0.100029 0.099442 0.097953 
0.102367 0.101906 0.094140 0.101272 0.098795 0.098176 0.105872 0.100082 0.099436 0.097953 
0.102364 0.101905 0.094140 0.101264 0.098801 0.098175 0.105866 0.100097 0.099435 0.097953 
0.102226 0.101900 0.094208 0.100966 0.098980 0.098210 0.105591 0.100525 0.099424 0.097969 
0.102346 0.101898 0.094144 0.101212 0.098833 0.098171 0.105828 0.100186 0.099427 0.097955 
0.102123 0.101932 0.094288 0.100817 0.099064 0.098286 0.105395 0.100654 0.099455 0.097986 
0.102125 0.101931 0.094286 0.100820 0.099063 0.098284 0.105399 0.100652 0.099454 0.097986 
0.102359 0.101902 0.094141 0.101249 0.098810 0.098174 0.105855 0.100124 0.099432 0.097954 
0.102327 0.101894 0.094151 0.101163 0.098863 0.098171 0.105789 0.100264 0.099422 0.097956 
0.102377 0.101912 0.094140 0.101306 0.098774 0.098181 0.105893 0.100022 0.099443 0.097953 
0.102367 0.101906 0.094140 0.101274 0.098794 0.098176 0.105872 0.100079 0.099437 0.097953 
0.102351 0.101900 0.094143 0.101226 0.098824 0.098172 0.105839 0.100162 0.099429 0.097954 
0.102286 0.101892 0.094171 0.101073 0.098917 0.098181 0.105707 0.100395 0.099418 0.097961 
0.102124 0.101932 0.094287 0.100818 0.099064 0.098285 0.105396 0.100654 0.099455 0.097986 
0.102343 0.101897 0.094146 0.101205 0.098837 0.098171 0.105822 0.100198 0.099426 0.097955 
0.102328 0.101894 0.094151 0.101167 0.098860 0.098171 0.105792 0.100259 0.099422 0.097956 
0.102316 0.101892 0.094156 0.101137 0.098878 0.098173 0.105766 0.100304 0.099420 0.097957 
0.102364 0.101905 0.094141 0.101264 0.098801 0.098176 0.105865 0.100097 0.099435 0.097954 
0.102381 0.101915 0.094140 0.101321 0.098764 0.098185 0.105902 0.099992 0.099447 0.097953 
0.102377 0.101912 0.094140 0.101308 0.098772 0.098182 0.105894 0.100016 0.099444 0.097953 
0.102273 0.101893 0.094178 0.101049 0.098931 0.098186 0.105683 0.100426 0.099419 0.097963 
0.102350 0.101899 0.094144 0.101225 0.098825 0.098172 0.105837 0.100165 0.099429 0.097955 
0.102366 0.101906 0.094141 0.101271 0.098795 0.098177 0.105870 0.100083 0.099437 0.097954 
0.102325 0.101894 0.094152 0.101160 0.098865 0.098172 0.105785 0.100270 0.099422 0.097957 
0.102307 0.101892 0.094160 0.101119 0.098889 0.098175 0.105750 0.100330 0.099419 0.097958 
0.102389 0.101921 0.094142 0.101353 0.098744 0.098192 0.105920 0.099931 0.099455 0.097953 
0.102137 0.101926 0.094277 0.100835 0.099054 0.098275 0.105421 0.100642 0.099450 0.097984 
0.102386 0.101919 0.094141 0.101341 0.098751 0.098189 0.105913 0.099954 0.099452 0.097953 
0.102357 0.101902 0.094143 0.101243 0.098813 0.098174 0.105850 0.100134 0.099432 0.097954 
0.102345 0.101898 0.094146 0.101211 0.098833 0.098172 0.105826 0.100187 0.099427 0.097955 
0.102337 0.101896 0.094148 0.101189 0.098847 0.098171 0.105809 0.100223 0.099425 0.097956 
0.102116 0.101934 0.094294 0.100808 0.099069 0.098292 0.105381 0.100660 0.099458 0.097988 
0.102347 0.101898 0.094145 0.101214 0.098831 0.098172 0.105829 0.100181 0.099428 0.097955 
0.102339 0.101896 0.094148 0.101194 0.098843 0.098172 0.105813 0.100214 0.099425 0.097955 
0.102148 0.101922 0.094268 0.100850 0.099045 0.098265 0.105442 0.100630 0.099446 0.097982 
0.102340 0.101896 0.094147 0.101196 0.098842 0.098172 0.105815 0.100211 0.099425 0.097955 
0.102347 0.101898 0.094145 0.101217 0.098829 0.098172 0.105830 0.100178 0.099428 0.097955 
0.102368 0.101907 0.094141 0.101279 0.098791 0.098178 0.105874 0.100070 0.099438 0.097954 
0.102355 0.101901 0.094143 0.101238 0.098816 0.098174 0.105846 0.100141 0.099431 0.097954 
0.102357 0.101902 0.094143 0.101244 0.098812 0.098174 0.105850 0.100131 0.099432 0.097954 
0.102189 0.101909 0.094236 0.100907 0.099013 0.098235 0.105518 0.100583 0.099433 0.097976 
0.102270 0.101893 0.094181 0.101042 0.098935 0.098188 0.105675 0.100434 0.099419 0.097963 
0.102016 0.101979 0.094383 0.100692 0.099131 0.098385 0.105194 0.100711 0.099502 0.098007 
0.102344 0.101898 0.094146 0.101208 0.098834 0.098172 0.105824 0.100191 0.099427 0.097955 
0.102123 0.101931 0.094288 0.100817 0.099063 0.098286 0.105395 0.100654 0.099455 0.097987 
0.102355 0.101901 0.094143 0.101239 0.098815 0.098174 0.105847 0.100138 0.099431 0.097954 
0.102181 0.101911 0.094242 0.100896 0.099019 0.098241 0.105504 0.100592 0.099436 0.097977 
0.102339 0.101896 0.094148 0.101195 0.098842 0.098172 0.105814 0.100212 0.099425 0.097956 
0.102353 0.101900 0.094144 0.101233 0.098819 0.098174 0.105842 0.100149 0.099431 0.097955 
0.102345 0.101898 0.094146 0.101211 0.098833 0.098172 0.105825 0.100187 0.099427 0.097955 
0.102355 0.101901 0.094144 0.101238 0.098816 0.098174 0.105845 0.100142 0.099431 0.097955 
0.102224 0.101900 0.094211 0.100962 0.098982 0.098212 0.105586 0.100528 0.099425 0.097970 
