0.155719 0.059839 0.050015 0.097783 0.086464 0.286820 0.068096 0.045091 0.083062 0.067111 
0.157260 0.058421 0.048515 0.097156 0.085554 0.294817 0.066793 0.043556 0.082090 0.065837 
0.156574 0.059006 0.049142 0.097379 0.085902 0.291652 0.067320 0.044204 0.082467 0.066354 
0.159960 0.056339 0.046239 0.096562 0.084471 0.305364 0.064989 0.041163 0.080869 0.064044 
0.154064 0.061254 0.051547 0.098294 0.087279 0.279217 0.069354 0.046688 0.083953 0.068351 
0.156604 0.058968 0.049106 0.097352 0.085870 0.291896 0.067282 0.044169 0.082435 0.066318 
0.170203 0.047465 0.037063 0.092591 0.078684 0.354703 0.056811 0.031872 0.074634 0.055976 
0.147965 0.065956 0.056849 0.099407 0.089518 0.255787 0.073346 0.052366 0.086503 0.072303 
0.153781 0.061617 0.051911 0.098531 0.087569 0.276887 0.069708 0.047050 0.084252 0.068695 
0.153603 0.061558 0.051899 0.098319 0.087388 0.277877 0.069599 0.047073 0.084088 0.068595 
0.151892 0.062952 0.053439 0.098743 0.088128 0.270631 0.070813 0.048698 0.084910 0.069794 
0.161847 0.054612 0.044439 0.095768 0.083336 0.315137 0.063394 0.039333 0.079655 0.062478 
0.156806 0.059018 0.049105 0.097574 0.086057 0.290910 0.067391 0.044128 0.082600 0.066412 
0.166049 0.051030 0.040702 0.094254 0.081072 0.334793 0.060122 0.035527 0.077203 0.059248 
0.154250 0.061162 0.051430 0.098320 0.087272 0.279503 0.069290 0.046555 0.083934 0.068285 
0.158415 0.057577 0.047576 0.096972 0.085161 0.298906 0.066082 0.042554 0.081633 0.065125 
0.160046 0.056124 0.046043 0.096351 0.084244 0.306986 0.064755 0.040985 0.080646 0.063822 
0.155083 0.060317 0.050547 0.097897 0.086694 0.284463 0.068503 0.045656 0.083324 0.067515 
0.164891 0.052297 0.041964 0.095030 0.082056 0.326969 0.061350 0.036770 0.078226 0.060448 
0.158282 0.057589 0.047613 0.096882 0.085095 0.299174 0.066062 0.042612 0.081579 0.065112 
0.158348 0.057642 0.047643 0.097003 0.085205 0.298530 0.066142 0.042623 0.081679 0.065184 
0.154256 0.061218 0.051476 0.098395 0.087346 0.279006 0.069355 0.046594 0.084006 0.068348 
0.168589 0.049013 0.038607 0.093454 0.079829 0.345551 0.058290 0.033397 0.075841 0.057430 
0.161434 0.054995 0.044835 0.095951 0.083594 0.312951 0.063750 0.039733 0.079929 0.062827 
0.157561 0.058184 0.048255 0.097088 0.085432 0.296028 0.066589 0.043280 0.081951 0.065633 
0.154399 0.060901 0.051180 0.098108 0.087030 0.281322 0.069023 0.046317 0.083692 0.068027 
0.163801 0.053127 0.042845 0.095306 0.082526 0.322704 0.062088 0.037677 0.078747 0.061179 
0.148078 0.065949 0.056813 0.099496 0.089586 0.255518 0.073370 0.052307 0.086560 0.072321 
0.153935 0.061410 0.051705 0.098390 0.087399 0.278235 0.069505 0.046846 0.084078 0.068497 
0.165698 0.051576 0.041222 0.094689 0.081573 0.331046 0.060680 0.036021 0.077708 0.059788 
0.157087 0.058587 0.048688 0.097241 0.085671 0.293846 0.066952 0.043728 0.082211 0.065990 
0.160908 0.055561 0.045409 0.096279 0.084018 0.309500 0.064293 0.040304 0.080371 0.063356 
0.157459 0.058560 0.048590 0.097488 0.085853 0.293075 0.067005 0.043579 0.082362 0.066029 
0.155726 0.060015 0.050162 0.098007 0.086688 0.285305 0.068299 0.045215 0.083278 0.067305 
0.154374 0.061458 0.051655 0.098781 0.087711 0.276650 0.069653 0.046730 0.084355 0.068631 
0.150094 0.064479 0.055118 0.099254 0.088971 0.262506 0.072156 0.050466 0.085839 0.071116 
0.155267 0.060195 0.050406 0.097885 0.086648 0.285006 0.068404 0.045504 0.083268 0.067416 
0.149785 0.064663 0.055343 0.099240 0.089014 0.261786 0.072295 0.050719 0.085899 0.071256 
0.173037 0.044830 0.034456 0.091112 0.076718 0.370202 0.054285 0.029309 0.072560 0.053489 
0.159610 0.056528 0.046464 0.096541 0.084513 0.304679 0.065130 0.041412 0.080932 0.064189 
0.169563 0.047990 0.037598 0.092827 0.079031 0.351818 0.057297 0.032409 0.075009 0.056458 
0.151414 0.063421 0.053937 0.098961 0.088434 0.267925 0.071245 0.049210 0.085236 0.070216 
0.153258 0.061726 0.052116 0.098258 0.087390 0.277392 0.069710 0.047325 0.084113 0.068712 
0.162112 0.054372 0.044193 0.095649 0.083169 0.316517 0.063164 0.039088 0.079480 0.062257 
0.170025 0.048023 0.037566 0.093153 0.079281 0.350427 0.057409 0.032335 0.075226 0.056555 
0.159862 0.056351 0.046268 0.096505 0.084432 0.305522 0.064981 0.041203 0.080837 0.064040 
0.158220 0.057749 0.047775 0.096990 0.085215 0.298091 0.066197 0.042788 0.081714 0.065261 
0.163725 0.053118 0.042849 0.095243 0.082475 0.322976 0.062063 0.037691 0.078703 0.061157 
0.159562 0.056517 0.046466 0.096485 0.084465 0.304923 0.065101 0.041425 0.080891 0.064166 
0.162360 0.054338 0.044117 0.095796 0.083274 0.316123 0.063188 0.038978 0.079561 0.062265 
0.160885 0.055425 0.045304 0.096069 0.083810 0.310785 0.064112 0.040233 0.080180 0.063196 
0.152052 0.062839 0.053309 0.098727 0.088082 0.271153 0.070721 0.048558 0.084856 0.069702 
0.157204 0.058466 0.048567 0.097164 0.085573 0.294597 0.066828 0.043613 0.082113 0.065874 
0.162739 0.054222 0.043955 0.095915 0.083326 0.316140 0.063128 0.038787 0.079589 0.062199 
0.151140 0.063411 0.053993 0.098721 0.088243 0.268794 0.071160 0.049319 0.085072 0.070146 
0.142322 0.070447 0.061972 0.100491 0.091652 0.233101 0.077153 0.057887 0.088918 0.076057 
0.166088 0.050976 0.040651 0.094209 0.081020 0.335168 0.060064 0.035479 0.077152 0.059193 
0.165707 0.051300 0.040988 0.094346 0.081224 0.333392 0.060358 0.035824 0.077375 0.059486 
0.153989 0.061212 0.051528 0.098182 0.087180 0.279780 0.069288 0.046687 0.083863 0.068290 
0.153452 0.061525 0.051910 0.098144 0.087240 0.278612 0.069513 0.047121 0.083960 0.068524 
0.151766 0.063143 0.053626 0.098887 0.088295 0.269336 0.071006 0.048880 0.085080 0.069980 
0.158759 0.057179 0.047179 0.096715 0.084841 0.301419 0.065687 0.042168 0.081307 0.064747 
0.146680 0.067113 0.058114 0.099843 0.090193 0.249438 0.074378 0.053692 0.087234 0.073314 
0.159746 0.056364 0.046306 0.096418 0.084364 0.305766 0.064956 0.041266 0.080786 0.064027 
0.162002 0.054467 0.044290 0.095694 0.083234 0.315985 0.063255 0.039184 0.079548 0.062343 
0.164118 0.052672 0.042407 0.094957 0.082118 0.325775 0.061624 0.037259 0.078336 0.060732 
0.153019 0.062008 0.052403 0.098434 0.087610 0.275617 0.069985 0.047608 0.084339 0.068977 
0.163271 0.053707 0.043427 0.095652 0.082967 0.319142 0.062645 0.038256 0.079208 0.061725 
0.159669 0.056584 0.046500 0.096654 0.084617 0.304049 0.065208 0.041432 0.081027 0.064260 
0.151025 0.063538 0.054124 0.098796 0.088340 0.268008 0.071284 0.049449 0.085171 0.070265 
0.162314 0.054339 0.044125 0.095765 0.083250 0.316236 0.063179 0.038991 0.079541 0.062259 
0.167190 0.050327 0.039931 0.094150 0.080770 0.337890 0.059533 0.034716 0.076839 0.058654 
0.157659 0.058148 0.048204 0.097122 0.085448 0.296056 0.066573 0.043217 0.081959 0.065614 
0.159918 0.056397 0.046297 0.096604 0.084521 0.304980 0.065047 0.041218 0.080919 0.064100 
0.154583 0.060626 0.050914 0.097895 0.086783 0.283194 0.068741 0.046063 0.083444 0.067758 
0.154731 0.060491 0.050770 0.097834 0.086695 0.283962 0.068614 0.045917 0.083351 0.067635 
0.159893 0.056625 0.046496 0.096864 0.084787 0.303118 0.065299 0.041396 0.081180 0.064342 
0.155543 0.060353 0.050485 0.098288 0.087004 0.282923 0.068644 0.045525 0.083596 0.067640 
0.160236 0.055983 0.045888 0.096315 0.084174 0.307685 0.064634 0.040820 0.080565 0.063701 
0.149163 0.065599 0.056263 0.099932 0.089822 0.255491 0.073228 0.051618 0.086722 0.072162 
0.160470 0.055962 0.045827 0.096461 0.084279 0.307238 0.064662 0.040730 0.080651 0.063719 
0.173264 0.044891 0.034481 0.091326 0.076897 0.369135 0.054393 0.029308 0.072719 0.053585 
0.154956 0.060306 0.050569 0.097773 0.086593 0.284930 0.068452 0.045707 0.083239 0.067475 
0.159194 0.057059 0.046991 0.096897 0.084946 0.301261 0.065652 0.041928 0.081376 0.064696 
0.160907 0.055720 0.045545 0.096473 0.084213 0.308157 0.064473 0.040423 0.080560 0.063529 
0.145636 0.067935 0.059052 0.100037 0.090581 0.245304 0.075075 0.054703 0.087675 0.074001 
0.160978 0.055331 0.045206 0.096026 0.083750 0.311321 0.064029 0.040131 0.080115 0.063112 
0.157349 0.058348 0.048436 0.097132 0.085515 0.295198 0.066729 0.043473 0.082045 0.065774 
0.160354 0.055940 0.045829 0.096351 0.084188 0.307728 0.064612 0.040750 0.080571 0.063675 
0.159494 0.056575 0.046527 0.096508 0.084500 0.304606 0.065154 0.041488 0.080929 0.064217 
0.167191 0.050343 0.039945 0.094169 0.080790 0.337754 0.059551 0.034728 0.076858 0.058672 
0.164402 0.052457 0.042178 0.094893 0.082003 0.326858 0.061438 0.037020 0.078206 0.060545 
0.152540 0.062339 0.052784 0.098474 0.087738 0.274107 0.070253 0.048023 0.084494 0.069246 
0.146075 0.067569 0.058641 0.099929 0.090391 0.247218 0.074758 0.054264 0.087464 0.073690 
0.163035 0.053791 0.043537 0.095594 0.082950 0.319030 0.062696 0.038382 0.079205 0.061779 
0.142373 0.070336 0.061871 0.100383 0.091535 0.233929 0.077032 0.057797 0.088803 0.075942 
0.168611 0.049215 0.038778 0.093710 0.080083 0.343798 0.058519 0.033547 0.076088 0.057651 
0.164408 0.053249 0.042858 0.095853 0.082970 0.320163 0.062329 0.037620 0.079147 0.061402 
0.164732 0.052140 0.041857 0.094716 0.081768 0.328743 0.061130 0.036705 0.077962 0.060248 
0.157748 0.058117 0.048160 0.097152 0.085462 0.296073 0.066559 0.043164 0.081966 0.065597 
0.152485 0.062600 0.053013 0.098765 0.088040 0.272014 0.070545 0.048225 0.084789 0.069524 
0.154668 0.060542 0.050826 0.097850 0.086722 0.283695 0.068659 0.045977 0.083382 0.067680 
0.162698 0.053897 0.043685 0.095485 0.082900 0.319010 0.062747 0.038560 0.079180 0.061839 
0.167310 0.050064 0.039688 0.093909 0.080506 0.339817 0.059257 0.034488 0.076576 0.058387 
0.152506 0.062351 0.052803 0.098462 0.087733 0.274095 0.070259 0.048046 0.084491 0.069253 
0.170371 0.047231 0.036842 0.092407 0.078470 0.356280 0.056572 0.031663 0.074419 0.055745 
0.154370 0.060888 0.051176 0.098068 0.086996 0.281515 0.069001 0.046319 0.083661 0.068007 
0.154245 0.061290 0.051539 0.098476 0.087429 0.278423 0.069435 0.046650 0.084088 0.068424 
0.153331 0.061896 0.052241 0.098535 0.087655 0.275724 0.069928 0.047412 0.084363 0.068915 
0.142744 0.069997 0.061499 0.100251 0.091334 0.235810 0.076726 0.057407 0.088587 0.075645 
0.155738 0.059820 0.050015 0.097711 0.086389 0.287090 0.068029 0.045127 0.083008 0.067073 
0.152027 0.063091 0.053524 0.099025 0.088385 0.269073 0.071005 0.048744 0.085152 0.069974 
0.162912 0.053974 0.043715 0.095732 0.083111 0.317795 0.062880 0.038553 0.079369 0.061958 
0.152871 0.062083 0.052498 0.098410 0.087613 0.275390 0.070035 0.047718 0.084352 0.069030 
0.160155 0.056104 0.046005 0.096410 0.084284 0.306855 0.064759 0.040932 0.080676 0.063820 
0.148461 0.065531 0.056390 0.099234 0.089252 0.258135 0.072947 0.051900 0.086225 0.071925 
0.153304 0.061785 0.052154 0.098374 0.087498 0.276747 0.069793 0.047344 0.084213 0.068788 
0.158450 0.057577 0.047569 0.096999 0.085182 0.298808 0.066090 0.042542 0.081650 0.065132 
0.160741 0.055579 0.045454 0.096179 0.083947 0.309793 0.064277 0.040370 0.080314 0.063347 
0.160499 0.055793 0.045679 0.096272 0.084083 0.308602 0.064473 0.040600 0.080460 0.063540 
0.161343 0.055069 0.044915 0.095979 0.083638 0.312554 0.063817 0.039815 0.079977 0.062893 
0.160592 0.055757 0.045632 0.096296 0.084090 0.308659 0.064452 0.040544 0.080461 0.063517 
0.156720 0.059079 0.049173 0.097586 0.086085 0.290619 0.067442 0.044201 0.082632 0.066463 
0.160486 0.055831 0.045714 0.096311 0.084125 0.308308 0.064515 0.040630 0.080501 0.063579 
0.168249 0.049694 0.039241 0.094058 0.080496 0.340640 0.058996 0.033995 0.076512 0.058118 
0.161867 0.054756 0.044557 0.095965 0.083531 0.313848 0.063567 0.039429 0.079840 0.062639 
0.152440 0.062447 0.052896 0.098534 0.087817 0.273452 0.070356 0.048136 0.084576 0.069346 
0.154231 0.060970 0.051274 0.098062 0.087016 0.281196 0.069062 0.046429 0.083689 0.068070 
0.163263 0.053404 0.043175 0.095256 0.082570 0.321782 0.062283 0.038048 0.078830 0.061389 
0.142014 0.070514 0.062123 0.100284 0.091504 0.233474 0.077129 0.058108 0.088801 0.076050 
0.157502 0.058782 0.048772 0.097791 0.086150 0.291081 0.067265 0.043732 0.082648 0.066277 
0.162205 0.054680 0.044436 0.096105 0.083612 0.313630 0.063545 0.039278 0.079899 0.062611 
0.158340 0.057723 0.047713 0.097098 0.085302 0.297863 0.066234 0.042683 0.081773 0.065271 
0.154744 0.060657 0.050903 0.098065 0.086925 0.282475 0.068819 0.046019 0.083569 0.067825 
0.162816 0.053911 0.043676 0.095590 0.082985 0.318573 0.062790 0.038532 0.079252 0.061875 
0.159385 0.057306 0.047169 0.097332 0.085350 0.298681 0.065967 0.042058 0.081758 0.064995 
0.168764 0.048650 0.038273 0.093119 0.079461 0.348206 0.057904 0.033088 0.075476 0.057060 
0.159947 0.056630 0.046491 0.096908 0.084822 0.302934 0.065316 0.041384 0.081210 0.064357 
0.156883 0.059130 0.049185 0.097769 0.086239 0.289756 0.067534 0.044185 0.082772 0.066548 
0.150670 0.063933 0.054531 0.099019 0.088629 0.265598 0.071660 0.049859 0.085471 0.070630 
0.159299 0.056733 0.046700 0.096553 0.084580 0.303801 0.065286 0.041673 0.081022 0.064353 
0.159860 0.056967 0.046795 0.097254 0.085186 0.300320 0.065676 0.041665 0.081571 0.064707 
0.160451 0.055917 0.045793 0.096393 0.084214 0.307666 0.064607 0.040703 0.080589 0.063667 
0.164541 0.052313 0.042037 0.094794 0.081880 0.327770 0.061287 0.036889 0.078083 0.060405 
0.157039 0.058703 0.048793 0.097355 0.085795 0.292970 0.067079 0.043823 0.082332 0.066110 
0.169858 0.047909 0.037489 0.092915 0.079069 0.351785 0.057256 0.032281 0.075028 0.056410 
0.162055 0.054426 0.044246 0.095683 0.083213 0.316186 0.063221 0.039137 0.079524 0.062309 
0.156931 0.058898 0.048979 0.097518 0.085978 0.291601 0.067280 0.043999 0.082515 0.066303 
0.159461 0.056684 0.046623 0.096627 0.084626 0.303747 0.065278 0.041571 0.081050 0.064333 
0.151568 0.063167 0.053691 0.098759 0.088203 0.269683 0.070985 0.048975 0.085004 0.069966 
0.125332 0.082870 0.077067 0.101661 0.096010 0.175229 0.087006 0.074819 0.094192 0.085814 
0.121890 0.085340 0.080159 0.101780 0.096775 0.163941 0.088920 0.078349 0.095141 0.087705 
0.129092 0.080128 0.073682 0.101450 0.095094 0.187951 0.084850 0.070990 0.093077 0.083686 
0.137266 0.074127 0.066379 0.100884 0.092993 0.215955 0.080095 0.062788 0.090535 0.078979 
0.130167 0.079703 0.072948 0.101962 0.095398 0.188280 0.084711 0.070013 0.093296 0.083521 
0.125307 0.083105 0.077215 0.102028 0.096378 0.173113 0.087318 0.074887 0.094543 0.086105 
0.136173 0.074977 0.067377 0.101043 0.093356 0.211770 0.080798 0.063884 0.090953 0.079670 
0.124521 0.083518 0.077830 0.101805 0.096305 0.171941 0.087551 0.075657 0.094525 0.086346 
0.133663 0.076782 0.069592 0.101151 0.093936 0.203539 0.082201 0.066390 0.091677 0.081069 
0.123455 0.084297 0.078794 0.101866 0.096566 0.168316 0.088163 0.076750 0.094842 0.086950 
0.130460 0.079208 0.072500 0.101506 0.094892 0.191840 0.084177 0.069615 0.092792 0.083010 
0.126434 0.082552 0.076367 0.102394 0.096526 0.174468 0.087022 0.073821 0.094615 0.085800 
0.131362 0.078516 0.071672 0.101397 0.094614 0.195208 0.083612 0.068697 0.092469 0.082455 
0.122056 0.085513 0.080165 0.102280 0.097235 0.161740 0.089230 0.078216 0.095571 0.087992 
0.127024 0.081732 0.075596 0.101732 0.095763 0.180049 0.086172 0.073106 0.093846 0.084981 
0.129031 0.080252 0.073782 0.101592 0.095246 0.186990 0.085000 0.071062 0.093223 0.083824 
0.124494 0.083648 0.077918 0.101992 0.096494 0.170824 0.087716 0.075706 0.094707 0.086502 
0.124039 0.084026 0.078355 0.102095 0.096681 0.168852 0.088039 0.076181 0.094914 0.086818 
0.133148 0.077529 0.070297 0.101765 0.094642 0.198400 0.082988 0.067035 0.092380 0.081816 
0.126991 0.081736 0.075613 0.101702 0.095739 0.180120 0.086164 0.073135 0.093825 0.084975 
0.122203 0.085247 0.079946 0.102000 0.096932 0.163724 0.088930 0.078040 0.095271 0.087705 
0.119552 0.087000 0.082255 0.101829 0.097262 0.156432 0.090194 0.080756 0.095755 0.088964 
0.125873 0.082714 0.076718 0.102030 0.096273 0.174834 0.087022 0.074317 0.094407 0.085811 
0.127879 0.081149 0.074851 0.101750 0.095619 0.182567 0.085736 0.072247 0.093653 0.084548 
0.121501 0.085647 0.080523 0.101843 0.096910 0.162400 0.089176 0.078751 0.095295 0.087955 
0.119296 0.087112 0.082454 0.101703 0.097186 0.156287 0.090230 0.081024 0.095700 0.089007 
0.128689 0.080475 0.074073 0.101569 0.095287 0.186074 0.085160 0.071403 0.093285 0.083985 
0.133991 0.076798 0.069468 0.101536 0.094257 0.202298 0.082355 0.066145 0.091956 0.081196 
0.130294 0.079286 0.072623 0.101446 0.094863 0.191673 0.084214 0.069773 0.092777 0.083051 
0.133255 0.077099 0.069962 0.101220 0.094082 0.201953 0.082471 0.066789 0.091839 0.081331 
0.124939 0.083333 0.077522 0.101982 0.096401 0.172243 0.087474 0.075254 0.094589 0.086262 
0.128001 0.081027 0.074721 0.101690 0.095537 0.183284 0.085622 0.072113 0.093567 0.084438 
0.121642 0.085478 0.080363 0.101714 0.096757 0.163517 0.088999 0.078604 0.095140 0.087787 
0.117619 0.088384 0.083994 0.101895 0.097688 0.150104 0.091264 0.082747 0.096284 0.090021 
0.135114 0.075805 0.068352 0.101202 0.093713 0.207667 0.081485 0.064954 0.091363 0.080346 
0.138603 0.073471 0.065440 0.101243 0.093099 0.217660 0.079715 0.061641 0.090548 0.078580 
0.120350 0.086463 0.081554 0.101865 0.097147 0.158718 0.089801 0.079935 0.095595 0.088573 
0.139440 0.072656 0.064555 0.100888 0.092588 0.222321 0.078975 0.060717 0.090003 0.077858 
0.117984 0.088100 0.083656 0.101839 0.097565 0.151523 0.091028 0.082373 0.096143 0.089790 
0.114784 0.090369 0.086524 0.101921 0.098242 0.141212 0.092773 0.085668 0.096991 0.091514 
0.127710 0.081119 0.074916 0.101495 0.095399 0.183444 0.085616 0.072396 0.093458 0.084446 
0.129069 0.080483 0.073915 0.101999 0.095641 0.184748 0.085317 0.071110 0.093598 0.084121 
0.118552 0.087680 0.083139 0.101795 0.097416 0.153508 0.090694 0.081788 0.095965 0.089462 
0.123689 0.084265 0.078661 0.102087 0.096740 0.167818 0.088217 0.076536 0.094993 0.086995 
0.120285 0.086549 0.081631 0.101937 0.097230 0.158135 0.089892 0.080003 0.095678 0.088660 
0.121581 0.085519 0.080416 0.101711 0.096765 0.163344 0.089029 0.078667 0.095152 0.087817 
0.127385 0.081355 0.075208 0.101512 0.095476 0.182356 0.085801 0.072726 0.093553 0.084629 
0.134698 0.076028 0.068680 0.101072 0.093663 0.207065 0.081594 0.065374 0.091351 0.080474 
0.128806 0.080432 0.073993 0.101631 0.095327 0.186083 0.085150 0.071294 0.093314 0.083971 
0.126148 0.082266 0.076326 0.101599 0.095796 0.178077 0.086526 0.073985 0.093936 0.085341 
0.133560 0.077061 0.069814 0.101491 0.094293 0.201289 0.082541 0.066550 0.092018 0.081383 
0.128201 0.080801 0.074494 0.101543 0.095354 0.184713 0.085396 0.071894 0.093381 0.084222 
0.135172 0.075877 0.068381 0.101368 0.093867 0.206836 0.081597 0.064947 0.091506 0.080448 
0.129693 0.079959 0.073311 0.101854 0.095380 0.187488 0.084869 0.070455 0.093308 0.083682 
0.129096 0.080345 0.073813 0.101813 0.095452 0.185919 0.085148 0.071039 0.093415 0.083961 
0.134090 0.076709 0.069368 0.101505 0.094207 0.202786 0.082277 0.066039 0.091901 0.081119 
0.131700 0.078236 0.071351 0.101319 0.094473 0.196664 0.083369 0.068353 0.092314 0.082220 
0.131600 0.078356 0.071468 0.101406 0.094578 0.195884 0.083494 0.068460 0.092418 0.082337 
0.123660 0.084089 0.078577 0.101752 0.096415 0.169570 0.087963 0.076532 0.094685 0.086758 
0.129365 0.079997 0.073475 0.101554 0.095146 0.188224 0.084793 0.070721 0.093106 0.083620 
0.137107 0.074333 0.066581 0.101035 0.093173 0.214591 0.080307 0.062979 0.090715 0.079179 
0.126158 0.082548 0.076487 0.102081 0.096270 0.175415 0.086913 0.074038 0.094386 0.085702 
0.125672 0.082901 0.076924 0.102109 0.096388 0.173777 0.087191 0.074532 0.094530 0.085976 
0.129905 0.079600 0.072989 0.101519 0.095009 0.190076 0.084479 0.070173 0.092940 0.083310 
0.131308 0.078671 0.071795 0.101583 0.094809 0.193964 0.083797 0.068788 0.092657 0.082628 
0.122225 0.085018 0.079821 0.101612 0.096547 0.165842 0.088610 0.078012 0.094905 0.087409 
0.123679 0.084200 0.078629 0.101966 0.096623 0.168455 0.088125 0.076532 0.094881 0.086909 
0.127684 0.081314 0.075041 0.101798 0.095704 0.181695 0.085879 0.072451 0.093747 0.084687 
0.126877 0.081710 0.075660 0.101506 0.095567 0.180797 0.086065 0.073251 0.093674 0.084893 
0.123405 0.084257 0.078798 0.101734 0.096446 0.168874 0.088084 0.076793 0.094731 0.086878 
0.122571 0.084866 0.079553 0.101781 0.096648 0.166043 0.088561 0.077650 0.094977 0.087350 
0.127002 0.081996 0.075769 0.102133 0.096163 0.177691 0.086512 0.073201 0.094230 0.085302 
0.120766 0.086136 0.081165 0.101798 0.097004 0.160358 0.089528 0.079505 0.095432 0.088307 
0.137190 0.074186 0.066447 0.100894 0.093017 0.215670 0.080143 0.062864 0.090563 0.079026 
0.125838 0.082532 0.076627 0.101688 0.095942 0.176642 0.086762 0.074305 0.094094 0.085569 
0.127676 0.081297 0.075034 0.101762 0.095669 0.181878 0.085853 0.072453 0.093714 0.084663 
0.129580 0.079897 0.073318 0.101634 0.095184 0.188425 0.084746 0.070519 0.093128 0.083569 
0.133208 0.077194 0.070042 0.101325 0.094194 0.201221 0.082584 0.066851 0.091947 0.081434 
0.122340 0.085093 0.079793 0.101897 0.096805 0.164705 0.088776 0.077893 0.095141 0.087557 
0.138586 0.073168 0.065220 0.100796 0.092657 0.220397 0.079335 0.061492 0.090126 0.078223 
0.121670 0.085537 0.080376 0.101857 0.096892 0.162850 0.089097 0.078577 0.095267 0.087877 
0.131661 0.078341 0.071432 0.101450 0.094610 0.195814 0.083499 0.068408 0.092445 0.082339 
0.125447 0.082904 0.077030 0.101857 0.096183 0.174504 0.087105 0.074721 0.094348 0.085901 
0.113131 0.091798 0.088087 0.102488 0.099101 0.133345 0.094059 0.087305 0.097916 0.092770 
0.131267 0.078741 0.071859 0.101649 0.094882 0.193454 0.083873 0.068844 0.092729 0.082701 
0.129439 0.080259 0.073614 0.102046 0.095618 0.185590 0.085162 0.070754 0.093553 0.083965 
0.121188 0.085954 0.080847 0.101998 0.097121 0.160599 0.089464 0.079079 0.095516 0.088234 
0.117024 0.088812 0.084531 0.101921 0.097825 0.148127 0.091597 0.083360 0.096452 0.090350 
0.123572 0.084275 0.078723 0.101967 0.096643 0.168124 0.088182 0.076640 0.094908 0.086965 
0.124528 0.083395 0.077763 0.101591 0.096093 0.173099 0.087375 0.075645 0.094325 0.086186 
0.125105 0.083088 0.077301 0.101765 0.096157 0.173959 0.087211 0.075058 0.094345 0.086011 
0.117952 0.088085 0.083669 0.101769 0.097502 0.151783 0.090990 0.082409 0.096086 0.089756 
0.140789 0.071455 0.063229 0.100439 0.091887 0.228914 0.077893 0.059330 0.089253 0.076812 
0.128651 0.080457 0.074082 0.101490 0.095216 0.186384 0.085115 0.071437 0.093222 0.083947 
0.130433 0.079147 0.072486 0.101351 0.094743 0.192550 0.084063 0.069652 0.092659 0.082915 
0.116728 0.088835 0.084725 0.101561 0.097527 0.149010 0.091476 0.083700 0.096189 0.090248 
0.116858 0.088971 0.084697 0.102003 0.097936 0.147199 0.091747 0.083528 0.096568 0.090495 
0.122384 0.085048 0.079747 0.101872 0.096773 0.164975 0.088733 0.077846 0.095108 0.087515 
0.124881 0.083403 0.077591 0.102031 0.096460 0.171792 0.087544 0.075319 0.094649 0.086330 
0.136644 0.074646 0.066971 0.101030 0.093255 0.213249 0.080542 0.063424 0.090825 0.079415 
0.128088 0.080911 0.074612 0.101598 0.095430 0.184066 0.085501 0.072013 0.093460 0.084322 
0.131434 0.078541 0.071657 0.101517 0.094719 0.194735 0.083675 0.068648 0.092564 0.082510 
0.123431 0.084431 0.078881 0.102065 0.096766 0.167148 0.088335 0.076795 0.095034 0.087113 
0.127062 0.081667 0.075539 0.101668 0.095692 0.180524 0.086099 0.073059 0.093776 0.084913 
0.119603 0.086938 0.082198 0.101780 0.097204 0.156849 0.090128 0.080704 0.095696 0.088901 
0.127064 0.081774 0.075603 0.101846 0.095868 0.179525 0.086245 0.073084 0.093943 0.085048 
0.129169 0.080118 0.073638 0.101529 0.095158 0.187765 0.084875 0.070915 0.093130 0.083704 
0.129229 0.080092 0.073595 0.101557 0.095174 0.187797 0.084866 0.070857 0.093141 0.083693 
0.124321 0.083783 0.078079 0.102016 0.096550 0.170158 0.087827 0.075885 0.094771 0.086611 
0.118232 0.088218 0.083569 0.102372 0.098040 0.149512 0.091309 0.082117 0.096582 0.090050 
0.118848 0.087861 0.083059 0.102497 0.098047 0.150741 0.091083 0.081493 0.096551 0.089822 
0.129364 0.079965 0.073457 0.101499 0.095091 0.188530 0.084747 0.070715 0.093055 0.083579 
0.123938 0.083877 0.078321 0.101720 0.096332 0.170597 0.087791 0.076247 0.094588 0.086589 
0.114830 0.090195 0.086433 0.101638 0.097958 0.142753 0.092535 0.085652 0.096717 0.091290 
0.130873 0.079079 0.072244 0.101750 0.095056 0.191666 0.084165 0.069261 0.092922 0.082986 
0.130771 0.078979 0.072220 0.101485 0.094812 0.192909 0.083996 0.069301 0.092696 0.082831 
0.115734 0.089787 0.085710 0.102069 0.098210 0.143396 0.092387 0.084681 0.096900 0.091127 
0.120211 0.086823 0.081810 0.102330 0.097630 0.155804 0.090239 0.080098 0.096065 0.088991 
0.122803 0.084616 0.079306 0.101617 0.096443 0.167612 0.088308 0.077415 0.094769 0.087110 
0.128272 0.080816 0.074470 0.101653 0.095450 0.184320 0.085450 0.071835 0.093466 0.084268 
0.127900 0.080980 0.074756 0.101461 0.095329 0.184142 0.085489 0.072230 0.093384 0.084329 
0.122376 0.084900 0.079683 0.101583 0.096490 0.166442 0.088508 0.077863 0.094843 0.087311 
0.122078 0.085224 0.079999 0.101807 0.096766 0.164380 0.088842 0.078156 0.095121 0.087627 
0.126900 0.081735 0.075657 0.101589 0.095645 0.180455 0.086120 0.073218 0.093743 0.084939 
0.127019 0.081867 0.075681 0.101947 0.095975 0.178816 0.086350 0.073147 0.094049 0.085149 
0.125162 0.083218 0.077349 0.102048 0.096424 0.172561 0.087409 0.075037 0.094597 0.086196 
0.123967 0.083837 0.078285 0.101685 0.096292 0.170874 0.087747 0.076216 0.094548 0.086548 
0.128673 0.080479 0.074083 0.101556 0.095278 0.186092 0.085159 0.071417 0.093278 0.083984 
0.127377 0.081467 0.075274 0.101700 0.095664 0.181315 0.085959 0.072745 0.093729 0.084772 
0.123418 0.084393 0.078866 0.101985 0.096689 0.167551 0.088278 0.076800 0.094962 0.087059 
0.126804 0.081904 0.075800 0.101763 0.095835 0.179199 0.086313 0.073333 0.093929 0.085120 
0.124474 0.083456 0.077822 0.101635 0.096147 0.172706 0.087439 0.075697 0.094378 0.086246 
0.144318 0.068769 0.060095 0.099958 0.090747 0.241986 0.075672 0.055905 0.087931 0.074619 
0.118913 0.087498 0.082849 0.101923 0.097474 0.153962 0.090604 0.081414 0.095997 0.089367 
0.129551 0.079799 0.073273 0.101435 0.094992 0.189447 0.084596 0.070524 0.092950 0.083434 
0.131448 0.078481 0.071612 0.101438 0.094638 0.195236 0.083601 0.068617 0.092486 0.082441 
0.126936 0.081835 0.075698 0.101802 0.095848 0.179389 0.086275 0.073205 0.093932 0.085080 
0.127196 0.081859 0.075598 0.102128 0.096121 0.178312 0.086406 0.073006 0.094177 0.085197 
0.120151 0.086788 0.081824 0.102197 0.097510 0.156337 0.090166 0.080151 0.095954 0.088922 
0.122537 0.084934 0.079607 0.101860 0.096733 0.165513 0.088643 0.077688 0.095059 0.087426 
0.130107 0.079515 0.072848 0.101608 0.095059 0.190182 0.084447 0.069987 0.092974 0.083273 
0.127594 0.081468 0.075178 0.101945 0.095865 0.180580 0.086047 0.072570 0.093907 0.084847 
0.125683 0.082665 0.076778 0.101732 0.096015 0.175925 0.086879 0.074466 0.094173 0.085683 
0.131294 0.078520 0.071714 0.101304 0.094534 0.195451 0.083571 0.068780 0.092404 0.082428 
0.111735 0.092530 0.089243 0.102025 0.098909 0.131345 0.094444 0.088787 0.097819 0.093164 
0.121901 0.085333 0.080150 0.101780 0.096773 0.163971 0.088915 0.078338 0.095139 0.087700 
0.121408 0.085922 0.080715 0.102209 0.097287 0.160137 0.089515 0.078869 0.095661 0.088277 
0.135483 0.075511 0.068008 0.101139 0.093581 0.209143 0.081239 0.064578 0.091213 0.080104 
0.130014 0.079463 0.072859 0.101411 0.094882 0.190995 0.084333 0.070055 0.092815 0.083174 
0.118638 0.087561 0.083038 0.101683 0.097290 0.154346 0.090562 0.081706 0.095840 0.089336 
0.151143 0.064918 0.055246 0.100632 0.090156 0.255894 0.072889 0.050382 0.086932 0.071807 
0.154845 0.062122 0.052122 0.099950 0.088797 0.269773 0.070494 0.047065 0.085390 0.069440 
0.131895 0.079876 0.072392 0.104013 0.097091 0.181234 0.085498 0.068921 0.094829 0.084250 
0.153701 0.063939 0.053877 0.101368 0.090421 0.257346 0.072313 0.048771 0.087045 0.071220 
0.160601 0.058514 0.047991 0.099646 0.087452 0.285379 0.067529 0.042636 0.083752 0.066500 
0.151666 0.064942 0.055149 0.101070 0.090497 0.254270 0.073027 0.050207 0.087235 0.071935 
0.155282 0.062448 0.052308 0.100683 0.089449 0.265844 0.070946 0.047161 0.086004 0.069875 
0.150175 0.067044 0.057211 0.102602 0.092294 0.240294 0.075104 0.052231 0.089078 0.073968 
0.151106 0.064872 0.055216 0.100544 0.090076 0.256391 0.072829 0.050363 0.086855 0.071749 
0.150353 0.066272 0.056541 0.101738 0.091404 0.246459 0.074259 0.051632 0.088198 0.073145 
0.152580 0.063587 0.053822 0.100067 0.089328 0.263364 0.071685 0.048906 0.086039 0.070622 
0.150609 0.066666 0.056803 0.102457 0.092071 0.242352 0.074766 0.051806 0.088835 0.073635 
0.156011 0.061993 0.051781 0.100656 0.089289 0.267785 0.070577 0.046592 0.085807 0.069509 
0.152585 0.064739 0.054779 0.101527 0.090783 0.253513 0.072990 0.049732 0.087463 0.071889 
0.147748 0.069528 0.059789 0.103917 0.094043 0.225522 0.077425 0.054854 0.090926 0.076248 
0.154598 0.063185 0.053064 0.101097 0.089987 0.261374 0.071642 0.047923 0.086570 0.070559 
0.148809 0.066306 0.056931 0.100548 0.090503 0.250418 0.073956 0.052253 0.087407 0.072870 
0.156274 0.061405 0.051235 0.100116 0.088703 0.272094 0.069967 0.046076 0.085218 0.068913 
0.148299 0.067941 0.058388 0.102249 0.092290 0.237775 0.075714 0.053583 0.089183 0.074579 
0.140879 0.073877 0.065050 0.103894 0.095296 0.207325 0.080824 0.060690 0.092548 0.079618 
0.146142 0.068676 0.059521 0.101425 0.091872 0.237492 0.076058 0.054975 0.088900 0.074938 
0.147035 0.068308 0.058998 0.101686 0.091966 0.238153 0.075844 0.054350 0.088939 0.074720 
0.150321 0.066162 0.056459 0.101571 0.091244 0.247490 0.074127 0.051567 0.088043 0.073017 
0.151052 0.065124 0.055437 0.100821 0.090362 0.254387 0.073103 0.050562 0.087138 0.072015 
0.157454 0.061678 0.051235 0.101328 0.089697 0.266656 0.070499 0.045906 0.086127 0.069420 
0.154987 0.062228 0.052183 0.100188 0.089008 0.268499 0.070641 0.047096 0.085589 0.069581 
0.137826 0.076136 0.067677 0.104290 0.096254 0.196441 0.082695 0.063553 0.093661 0.081466 
0.151014 0.064507 0.054933 0.100013 0.089562 0.259751 0.072395 0.050135 0.086359 0.071330 
0.141362 0.072289 0.063693 0.102124 0.093457 0.219859 0.079071 0.059503 0.090728 0.077915 
0.161318 0.056730 0.046346 0.097967 0.085642 0.298623 0.065669 0.041086 0.081937 0.064682 
0.149238 0.067144 0.057515 0.101972 0.091842 0.242039 0.075010 0.052665 0.088690 0.073886 
0.142458 0.072499 0.063537 0.103390 0.094505 0.214813 0.079603 0.059095 0.091684 0.078417 
0.148390 0.066899 0.057518 0.100969 0.091001 0.246495 0.074539 0.052832 0.087918 0.073439 
0.150270 0.066414 0.056677 0.101856 0.091537 0.245462 0.074403 0.051762 0.088332 0.073286 
0.155214 0.063329 0.053056 0.101748 0.090522 0.258491 0.071928 0.047821 0.087059 0.070831 
0.140989 0.073491 0.064725 0.103448 0.094836 0.210415 0.080393 0.060410 0.092094 0.079199 
0.150296 0.065885 0.056237 0.101194 0.090873 0.249941 0.073805 0.051383 0.087682 0.072705 
0.141086 0.072946 0.064282 0.102777 0.094156 0.214919 0.079773 0.060039 0.091425 0.078597 
0.157473 0.061320 0.050932 0.100891 0.089259 0.269660 0.070100 0.045639 0.085696 0.069031 
0.157512 0.059620 0.049486 0.098818 0.087179 0.283978 0.068204 0.044361 0.083655 0.067187 
0.148986 0.067581 0.057930 0.102339 0.092253 0.238965 0.075455 0.053063 0.089107 0.074321 
0.146872 0.069587 0.060062 0.103251 0.093547 0.227515 0.077286 0.055265 0.090492 0.076121 
0.152042 0.065269 0.055336 0.101782 0.091137 0.250445 0.073478 0.050302 0.087840 0.072369 
0.141228 0.073224 0.064452 0.103292 0.094638 0.212056 0.080140 0.060134 0.091886 0.078951 
0.135678 0.077085 0.069084 0.103605 0.095982 0.194544 0.083223 0.065270 0.093525 0.082003 
0.160395 0.057374 0.047053 0.098113 0.085954 0.295535 0.066224 0.041827 0.082293 0.065231 
0.160879 0.057771 0.047311 0.098929 0.086685 0.290956 0.066750 0.041998 0.082984 0.065738 
0.148766 0.066445 0.057055 0.100691 0.090654 0.249346 0.074105 0.052367 0.087556 0.073015 
0.143078 0.072242 0.063161 0.103586 0.094583 0.215253 0.079460 0.058642 0.091724 0.078271 
0.148352 0.067338 0.057885 0.101504 0.091541 0.242833 0.075033 0.053150 0.088447 0.073918 
0.155613 0.062933 0.052646 0.101545 0.090248 0.260812 0.071559 0.047405 0.086769 0.070469 
0.144247 0.070898 0.061792 0.102769 0.093559 0.223625 0.078176 0.057264 0.090656 0.077013 
0.145135 0.070115 0.060935 0.102479 0.093106 0.227892 0.077482 0.056363 0.090163 0.076330 
0.151782 0.065202 0.055339 0.101492 0.090897 0.251728 0.073347 0.050350 0.087620 0.072244 
0.151542 0.065858 0.055931 0.102150 0.091594 0.246743 0.074044 0.050898 0.088316 0.072924 
0.145325 0.069607 0.060481 0.101964 0.092559 0.231759 0.076938 0.055948 0.089618 0.075801 
0.144145 0.070407 0.061432 0.102021 0.092835 0.228193 0.077578 0.056996 0.089957 0.076435 
0.136697 0.075803 0.067809 0.102726 0.094926 0.202850 0.081967 0.064010 0.092437 0.080775 
0.139902 0.073203 0.064834 0.102062 0.093669 0.216154 0.079760 0.060793 0.091022 0.078601 
0.137406 0.075460 0.067322 0.102909 0.094974 0.203742 0.081758 0.063425 0.092441 0.080564 
0.151881 0.065000 0.055150 0.101311 0.090698 0.253191 0.073138 0.050171 0.087420 0.072040 
0.143677 0.070840 0.061903 0.102197 0.093098 0.225771 0.077967 0.057489 0.090241 0.076817 
0.146613 0.068521 0.059276 0.101614 0.091973 0.237506 0.075990 0.054671 0.088970 0.074867 
0.141209 0.072918 0.064224 0.102849 0.094204 0.214804 0.079772 0.059961 0.091464 0.078595 
0.153655 0.063549 0.053563 0.100840 0.089903 0.260795 0.071863 0.048506 0.086541 0.070783 
0.155235 0.062858 0.052660 0.101164 0.089937 0.262470 0.071399 0.047475 0.086485 0.070316 
0.139186 0.074259 0.065857 0.102873 0.094605 0.209007 0.080819 0.061786 0.091976 0.079633 
0.157735 0.060516 0.050205 0.100078 0.088400 0.275816 0.069247 0.044965 0.084840 0.068198 
0.156146 0.061323 0.051191 0.099921 0.088531 0.273124 0.069851 0.046056 0.085056 0.068801 
0.150680 0.066267 0.056463 0.101993 0.091598 0.245595 0.074325 0.051505 0.088368 0.073206 
0.153845 0.063536 0.053512 0.100967 0.089995 0.260403 0.071886 0.048432 0.086620 0.070804 
0.144014 0.070496 0.061539 0.102027 0.092866 0.227794 0.077650 0.057114 0.089995 0.076506 
0.145958 0.069414 0.060162 0.102244 0.092720 0.231625 0.076868 0.055545 0.089738 0.075725 
0.139139 0.074225 0.065847 0.102783 0.094525 0.209441 0.080766 0.061791 0.091900 0.079582 
0.146826 0.068370 0.059101 0.101595 0.091914 0.238203 0.075867 0.054480 0.088900 0.074745 
0.162913 0.056456 0.045850 0.098718 0.086111 0.296915 0.065635 0.040460 0.082310 0.064634 
0.150094 0.065885 0.056283 0.101034 0.090751 0.250494 0.073761 0.051459 0.087574 0.072664 
0.158594 0.058660 0.048470 0.098417 0.086582 0.289291 0.067333 0.043315 0.083009 0.066329 
0.164400 0.055639 0.044916 0.098722 0.085851 0.300085 0.064973 0.039464 0.081976 0.063976 
0.153467 0.065225 0.054985 0.102849 0.091934 0.246912 0.073729 0.049759 0.088539 0.072600 
0.152619 0.063474 0.053719 0.099955 0.089209 0.264223 0.071565 0.048810 0.085921 0.070505 
0.163219 0.056150 0.045539 0.098552 0.085890 0.298727 0.065346 0.040148 0.082078 0.064350 
0.157776 0.060472 0.050160 0.100054 0.088368 0.276081 0.069205 0.044920 0.084806 0.068157 
0.158593 0.059524 0.049206 0.099471 0.087638 0.281993 0.068296 0.043968 0.084045 0.067265 
0.157059 0.061696 0.051327 0.101059 0.089501 0.267542 0.070444 0.046043 0.085957 0.069371 
0.148096 0.067668 0.058217 0.101725 0.091808 0.240697 0.075354 0.053480 0.088723 0.074232 
0.151198 0.065623 0.055816 0.101574 0.091085 0.249708 0.073702 0.050861 0.087837 0.072596 
0.139356 0.074338 0.065864 0.103141 0.094839 0.207799 0.080960 0.061742 0.092193 0.079768 
0.156750 0.060759 0.050597 0.099664 0.088165 0.276327 0.069334 0.045447 0.084664 0.068293 
0.137847 0.076550 0.067965 0.104927 0.096875 0.192655 0.083206 0.063752 0.094262 0.081961 
0.150158 0.066181 0.056513 0.101466 0.091169 0.247773 0.074113 0.051643 0.087979 0.073005 
0.147196 0.068022 0.058726 0.101447 0.091698 0.240163 0.075553 0.054090 0.088668 0.074436 
0.142160 0.072731 0.063801 0.103446 0.094616 0.213641 0.079801 0.059380 0.091810 0.078612 
0.160767 0.059136 0.048489 0.100536 0.088310 0.279663 0.068254 0.043055 0.084585 0.067205 
0.141133 0.073800 0.064915 0.104019 0.095372 0.207245 0.080800 0.060516 0.092607 0.079592 
0.147776 0.069073 0.059423 0.103321 0.093450 0.229424 0.076901 0.054549 0.090345 0.075739 
0.155398 0.061854 0.051786 0.100027 0.088773 0.270591 0.070301 0.046687 0.085336 0.069247 
0.150156 0.066799 0.057018 0.102265 0.091964 0.242461 0.074819 0.052072 0.088757 0.073691 
0.143602 0.070658 0.061780 0.101889 0.092806 0.227567 0.077736 0.057407 0.089960 0.076595 
0.148597 0.066634 0.057250 0.100796 0.090790 0.248199 0.074282 0.052565 0.087699 0.073188 
0.150827 0.066119 0.056307 0.101918 0.091495 0.246471 0.074187 0.051346 0.088260 0.073070 
0.144324 0.071500 0.062239 0.103662 0.094426 0.218131 0.078901 0.057604 0.091498 0.077716 
0.160992 0.058682 0.048066 0.100130 0.087864 0.282944 0.067786 0.042653 0.084136 0.066747 
0.152123 0.064811 0.054940 0.101258 0.090601 0.254154 0.072974 0.049949 0.087311 0.071879 
0.140354 0.073294 0.064767 0.102596 0.094113 0.214028 0.079989 0.060616 0.091427 0.078816 
0.158798 0.059664 0.049288 0.099789 0.087919 0.280278 0.068490 0.044013 0.084309 0.067452 
0.146030 0.068738 0.059600 0.101414 0.091881 0.237270 0.076103 0.055065 0.088915 0.074983 
0.150192 0.065872 0.056251 0.101096 0.090795 0.250332 0.073768 0.051413 0.087611 0.072670 
0.139048 0.073513 0.065333 0.101711 0.093480 0.215968 0.079892 0.061424 0.090890 0.078741 
0.154605 0.062455 0.052451 0.100185 0.089076 0.267579 0.070821 0.047389 0.085677 0.069760 
0.154810 0.062848 0.052738 0.100831 0.089683 0.263692 0.071303 0.047608 0.086260 0.070227 
0.161574 0.056516 0.046120 0.097883 0.085513 0.299776 0.065476 0.040854 0.081796 0.064492 
0.145609 0.068996 0.059917 0.101400 0.091945 0.236230 0.076301 0.055419 0.089003 0.075180 
0.147706 0.067289 0.058003 0.100915 0.091074 0.245051 0.074829 0.053378 0.088029 0.073729 
0.143170 0.071568 0.062614 0.102740 0.093729 0.220894 0.078690 0.058184 0.090886 0.077524 
0.140354 0.074502 0.065675 0.104304 0.095797 0.203349 0.081430 0.061311 0.093066 0.080211 
0.150956 0.066031 0.056206 0.101907 0.091461 0.246872 0.074114 0.051236 0.088219 0.072999 
0.148118 0.068209 0.058648 0.102453 0.092527 0.235963 0.075981 0.053837 0.089424 0.074841 
0.153343 0.064154 0.054132 0.101368 0.090486 0.256464 0.072484 0.049049 0.087129 0.071390 
0.148728 0.067989 0.058321 0.102665 0.092624 0.236158 0.075866 0.053441 0.089484 0.074723 
0.150352 0.065074 0.055553 0.100209 0.089880 0.256721 0.072895 0.050787 0.086708 0.071822 
0.142337 0.072482 0.063559 0.103258 0.094397 0.215318 0.079552 0.059144 0.091586 0.078369 
0.160118 0.057199 0.046951 0.097712 0.085600 0.297709 0.065981 0.041770 0.081962 0.064999 
0.149639 0.067634 0.057815 0.102944 0.092732 0.236679 0.075663 0.052840 0.089537 0.074517 
0.147047 0.069638 0.060057 0.103469 0.093731 0.226568 0.077387 0.055223 0.090661 0.076218 
0.146880 0.068526 0.059213 0.101843 0.092151 0.236708 0.076059 0.054562 0.089128 0.074930 
0.149699 0.066454 0.056843 0.101450 0.091238 0.246696 0.074323 0.052009 0.088073 0.073215 
0.140689 0.072942 0.064397 0.102414 0.093870 0.216121 0.079663 0.060236 0.091171 0.078496 
0.159617 0.058957 0.048541 0.099500 0.087483 0.284150 0.067849 0.043246 0.083836 0.066820 
0.153643 0.062647 0.052810 0.099703 0.088769 0.268506 0.070844 0.047853 0.085431 0.069794 
0.146484 0.069148 0.059813 0.102334 0.092711 0.232440 0.076685 0.055144 0.089699 0.075542 
0.147523 0.068419 0.058965 0.102236 0.092422 0.235824 0.076085 0.054221 0.089356 0.074948 
0.149473 0.066790 0.057171 0.101703 0.091531 0.244429 0.074658 0.052330 0.088373 0.073542 
0.156037 0.061117 0.051037 0.099586 0.088215 0.275164 0.069598 0.045936 0.084753 0.068557 
0.148858 0.067474 0.057874 0.102094 0.092034 0.240246 0.075304 0.053041 0.088900 0.074175 
0.155086 0.063080 0.052876 0.101334 0.090134 0.260965 0.071621 0.047685 0.086686 0.070534 
0.143103 0.071932 0.062916 0.103179 0.094177 0.217900 0.079101 0.058442 0.091327 0.077923 
0.152966 0.064518 0.054514 0.101540 0.090727 0.254372 0.072818 0.049441 0.087386 0.071719 
0.154229 0.063706 0.053573 0.101477 0.090432 0.257915 0.072156 0.048423 0.087027 0.071063 
