0.000000 0.000000 0.000000 0.351103 0.000034 0.000034 0.000000 0.575748 0.000023 0.000000 0.000964 0.000000 0.000211 0.000000 0.071780 0.000001 0.000000 0.000000 0.000000 0.000101 
0.000000 0.000000 0.000000 0.003361 0.004834 0.000166 0.000000 0.955899 0.001770 0.000000 0.004375 0.000000 0.004457 0.000000 0.023665 0.000315 0.000000 0.000000 0.000000 0.001158 
0.000000 0.000000 0.000000 0.035464 0.001252 0.000148 0.000000 0.927071 0.000558 0.000000 0.002533 0.000000 0.003312 0.000000 0.029076 0.000068 0.000000 0.000000 0.000000 0.000518 
0.000000 0.000000 0.000000 0.306939 0.000186 0.000047 0.000000 0.587318 0.000085 0.000000 0.001087 0.000000 0.000814 0.000000 0.103312 0.000008 0.000000 0.000000 0.000000 0.000204 
0.000000 0.000000 0.000000 0.386367 0.000006 0.000014 0.000000 0.472394 0.000005 0.000000 0.000942 0.000000 0.000026 0.000000 0.140187 0.000000 0.000000 0.000000 0.000000 0.000060 
0.000000 0.000000 0.000000 0.013973 0.002411 0.000183 0.000000 0.947041 0.001003 0.000000 0.003443 0.000000 0.004501 0.000000 0.026526 0.000141 0.000000 0.000000 0.000000 0.000776 
0.000000 0.000000 0.000000 0.123829 0.007084 0.000001 0.000000 0.028656 0.000971 0.000000 0.000642 0.000000 0.000044 0.000000 0.838003 0.000467 0.000000 0.000000 0.000000 0.000302 
0.000000 0.000000 0.000000 0.757008 0.000084 0.000140 0.000000 0.136090 0.000090 0.000000 0.003793 0.000000 0.000319 0.000000 0.101347 0.000002 0.000945 0.000000 0.000000 0.000182 
0.000000 0.000000 0.000000 0.142491 0.000001 0.000004 0.000000 0.383344 0.000001 0.000000 0.001114 0.000000 0.000002 0.000000 0.473000 0.000000 0.000000 0.000000 0.000000 0.000045 
0.000000 0.000000 0.000000 0.443351 0.000016 0.000026 0.000000 0.477844 0.000013 0.000000 0.000992 0.000000 0.000086 0.000000 0.077596 0.000000 0.000001 0.000000 0.000000 0.000074 
0.000000 0.000000 0.000000 0.542862 0.000006 0.000014 0.000000 0.352487 0.000006 0.000000 0.000945 0.000000 0.000021 0.000000 0.103606 0.000000 0.000004 0.000000 0.000000 0.000049 
0.000000 0.000000 0.000000 0.012410 0.003011 0.000024 0.000000 0.935912 0.000809 0.000000 0.001580 0.000000 0.000782 0.000000 0.044735 0.000200 0.000000 0.000000 0.000000 0.000537 
0.000000 0.000000 0.000000 0.332820 0.000020 0.000026 0.000000 0.532816 0.000014 0.000000 0.001011 0.000000 0.000127 0.000000 0.133062 0.000001 0.000000 0.000000 0.000000 0.000102 
0.000000 0.000000 0.000000 0.028434 0.008866 0.000007 0.000000 0.717233 0.001631 0.000000 0.001848 0.000000 0.000204 0.000000 0.240362 0.000627 0.000000 0.000000 0.000000 0.000790 
0.000000 0.000000 0.000000 0.288977 0.000003 0.000009 0.000000 0.465262 0.000003 0.000000 0.001044 0.000000 0.000010 0.000000 0.244636 0.000000 0.000000 0.000000 0.000000 0.000057 
0.000000 0.000000 0.000000 0.226034 0.000194 0.000053 0.000000 0.713805 0.000094 0.000000 0.001070 0.000000 0.000869 0.000000 0.057685 0.000008 0.000000 0.000000 0.000000 0.000188 
0.000000 0.000000 0.000000 0.012470 0.002242 0.000045 0.000000 0.950027 0.000709 0.000000 0.001745 0.000000 0.001380 0.000000 0.030721 0.000142 0.000000 0.000000 0.000000 0.000518 
0.000000 0.000000 0.000000 0.324450 0.000062 0.000051 0.000000 0.619628 0.000042 0.000000 0.001136 0.000000 0.000384 0.000000 0.054120 0.000002 0.000000 0.000000 0.000000 0.000125 
0.000000 0.000000 0.000000 0.338289 0.000547 0.000048 0.000000 0.094583 0.000180 0.000000 0.001407 0.000000 0.001315 0.000000 0.563235 0.000023 0.000000 0.000000 0.000000 0.000373 
0.000000 0.000000 0.000000 0.013373 0.002034 0.000088 0.000000 0.952458 0.000746 0.000000 0.002243 0.000000 0.002421 0.000000 0.025936 0.000123 0.000000 0.000000 0.000000 0.000578 
0.000000 0.000000 0.000000 0.246348 0.000162 0.000051 0.000000 0.689878 0.000081 0.000000 0.001045 0.000000 0.000775 0.000000 0.061476 0.000007 0.000000 0.000000 0.000000 0.000177 
0.000000 0.000000 0.000000 0.169586 0.000001 0.000005 0.000000 0.415562 0.000001 0.000000 0.001146 0.000000 0.000003 0.000000 0.413642 0.000000 0.000000 0.000000 0.000000 0.000053 
0.000000 0.000000 0.000000 0.284487 0.002464 0.000009 0.000000 0.019522 0.000480 0.000000 0.000735 0.000000 0.000452 0.000000 0.691422 0.000135 0.000000 0.000000 0.000000 0.000293 
0.000000 0.000000 0.000000 0.066917 0.001437 0.000038 0.000000 0.868381 0.000449 0.000000 0.001346 0.000000 0.001205 0.000000 0.059750 0.000084 0.000000 0.000000 0.000000 0.000393 
0.000000 0.000000 0.000000 0.013556 0.002124 0.000119 0.000000 0.951285 0.000823 0.000000 0.002636 0.000000 0.003116 0.000000 0.025573 0.000127 0.000000 0.000000 0.000000 0.000641 
0.000000 0.000000 0.000000 0.394999 0.000027 0.000034 0.000000 0.535932 0.000020 0.000000 0.001017 0.000000 0.000160 0.000000 0.067719 0.000001 0.000000 0.000000 0.000000 0.000091 
0.000000 0.000000 0.000000 0.403619 0.000793 0.000045 0.000000 0.300927 0.000254 0.000000 0.001377 0.000000 0.001380 0.000000 0.291190 0.000038 0.000000 0.000000 0.000000 0.000377 
0.000000 0.000000 0.000000 0.795007 0.000002 0.000007 0.000000 0.094654 0.000003 0.000000 0.000871 0.000000 0.000004 0.000000 0.109240 0.000000 0.000187 0.000000 0.000000 0.000026 
0.000000 0.000000 0.000000 0.305911 0.000003 0.000008 0.000000 0.457788 0.000003 0.000000 0.001019 0.000000 0.000009 0.000000 0.235205 0.000000 0.000000 0.000000 0.000000 0.000054 
0.000000 0.000000 0.000000 0.360660 0.000880 0.000038 0.000000 0.078317 0.000254 0.000000 0.001261 0.000000 0.001280 0.000000 0.556894 0.000041 0.000000 0.000000 0.000000 0.000376 
0.000000 0.000000 0.000000 0.036378 0.001157 0.000121 0.000000 0.927431 0.000498 0.000000 0.002202 0.000000 0.002804 0.000000 0.028880 0.000063 0.000000 0.000000 0.000000 0.000468 
0.000000 0.000000 0.000000 0.337456 0.000242 0.000049 0.000000 0.520643 0.000104 0.000000 0.001171 0.000000 0.000941 0.000000 0.139147 0.000010 0.000000 0.000000 0.000000 0.000238 
0.000000 0.000000 0.000000 0.249514 0.000012 0.000023 0.000000 0.466583 0.000009 0.000000 0.001292 0.000000 0.000073 0.000000 0.282376 0.000000 0.000000 0.000000 0.000000 0.000118 
0.000000 0.000000 0.000000 0.185094 0.000003 0.000010 0.000000 0.444050 0.000003 0.000000 0.001253 0.000000 0.000013 0.000000 0.369496 0.000000 0.000000 0.000000 0.000000 0.000077 
0.000000 0.000000 0.000000 0.000196 0.000000 0.000000 0.000000 0.025845 0.000000 0.000000 0.000463 0.000000 0.000000 0.000000 0.973488 0.000000 0.000000 0.000000 0.000000 0.000009 
0.000000 0.000000 0.000000 0.427158 0.000000 0.000002 0.000000 0.246790 0.000001 0.000000 0.000841 0.000000 0.000000 0.000000 0.325167 0.000000 0.000019 0.000000 0.000000 0.000021 
0.000000 0.000000 0.000000 0.355517 0.000037 0.000037 0.000000 0.578009 0.000026 0.000000 0.001001 0.000000 0.000229 0.000000 0.065040 0.000001 0.000000 0.000000 0.000000 0.000102 
0.000000 0.000000 0.000000 0.617352 0.000001 0.000004 0.000000 0.206733 0.000002 0.000000 0.000817 0.000000 0.000002 0.000000 0.175036 0.000000 0.000028 0.000000 0.000000 0.000025 
0.000000 0.000000 0.000000 0.001547 0.005887 0.000000 0.000000 0.010162 0.000491 0.000000 0.000236 0.000000 0.000000 0.000000 0.981117 0.000448 0.000000 0.000000 0.000000 0.000113 
0.000000 0.000000 0.000000 0.083552 0.000761 0.000055 0.000000 0.868503 0.000288 0.000000 0.001302 0.000000 0.001448 0.000000 0.043738 0.000041 0.000000 0.000000 0.000000 0.000313 
0.000000 0.000000 0.000000 0.075552 0.010699 0.000001 0.000000 0.098368 0.001469 0.000000 0.001020 0.000000 0.000040 0.000000 0.811627 0.000742 0.000000 0.000000 0.000000 0.000481 
0.000000 0.000000 0.000000 0.407775 0.000001 0.000004 0.000000 0.332757 0.000001 0.000000 0.000910 0.000000 0.000002 0.000000 0.258514 0.000000 0.000005 0.000000 0.000000 0.000031 
0.000000 0.000000 0.000000 0.202966 0.000422 0.000231 0.000000 0.740115 0.000274 0.000000 0.003290 0.000000 0.002440 0.000000 0.049847 0.000018 0.000005 0.000000 0.000000 0.000391 
0.000000 0.000000 0.000000 0.000144 0.009761 0.000010 0.000000 0.951440 0.002141 0.000000 0.003000 0.000000 0.000218 0.000000 0.031265 0.000789 0.000000 0.000000 0.000000 0.001232 
0.000000 0.000000 0.000000 0.039345 0.000584 0.000010 0.000000 0.000265 0.000129 0.000000 0.000401 0.000000 0.000472 0.000000 0.958621 0.000025 0.000000 0.000000 0.000000 0.000147 
0.000000 0.000000 0.000000 0.163123 0.000464 0.000052 0.000000 0.773939 0.000186 0.000000 0.001161 0.000000 0.001227 0.000000 0.059565 0.000023 0.000000 0.000000 0.000000 0.000259 
0.000000 0.000000 0.000000 0.000000 0.311874 0.000092 0.000000 0.351018 0.071785 0.000000 0.138368 0.000000 0.000675 0.000000 0.031014 0.032258 0.000037 0.000000 0.000000 0.062880 
0.000000 0.000000 0.000000 0.271527 0.001565 0.000037 0.000000 0.526841 0.000448 0.000000 0.001432 0.000000 0.001289 0.000000 0.196335 0.000085 0.000000 0.000000 0.000000 0.000442 
0.000000 0.000000 0.000000 0.004116 0.003462 0.000052 0.000000 0.961286 0.001073 0.000000 0.002315 0.000000 0.001543 0.000000 0.025209 0.000232 0.000000 0.000000 0.000000 0.000712 
0.000000 0.000000 0.000000 0.365127 0.000473 0.000049 0.000000 0.439342 0.000174 0.000000 0.001290 0.000000 0.001233 0.000000 0.191979 0.000022 0.000000 0.000000 0.000000 0.000310 
0.000000 0.000000 0.000000 0.000006 0.024416 0.000017 0.000000 0.929885 0.005412 0.000000 0.007983 0.000000 0.000266 0.000000 0.026494 0.002144 0.000000 0.000000 0.000000 0.003377 
0.000000 0.000000 0.000000 0.518495 0.000004 0.000012 0.000000 0.362570 0.000005 0.000000 0.000918 0.000000 0.000015 0.000000 0.117931 0.000000 0.000003 0.000000 0.000000 0.000046 
0.000000 0.000000 0.000000 0.000309 0.015487 0.000226 0.000000 0.935477 0.005132 0.000000 0.009516 0.000000 0.005820 0.000000 0.024002 0.001141 0.000001 0.000000 0.000000 0.002890 
0.000000 0.000000 0.000000 0.188166 0.000110 0.000055 0.000000 0.124788 0.000052 0.000000 0.001799 0.000000 0.000641 0.000000 0.684064 0.000004 0.000000 0.000000 0.000000 0.000321 
0.000000 0.000000 0.000000 0.265873 0.000941 0.000655 0.000000 0.634683 0.000688 0.000000 0.008150 0.000000 0.005591 0.000000 0.082467 0.000038 0.000108 0.000000 0.000000 0.000805 
0.000000 0.000000 0.000000 0.779668 0.000000 0.000000 0.000000 0.002079 0.000000 0.000000 0.000227 0.000000 0.000000 0.000000 0.199824 0.000000 0.018200 0.000000 0.000000 0.000002 
0.000000 0.000000 0.000000 0.003803 0.010969 0.000003 0.000000 0.807520 0.001847 0.000000 0.001931 0.000000 0.000064 0.000000 0.172153 0.000841 0.000000 0.000000 0.000000 0.000869 
0.000000 0.000000 0.000000 0.000199 0.012939 0.000001 0.000000 0.874980 0.002065 0.000000 0.002309 0.000000 0.000019 0.000000 0.105338 0.001075 0.000000 0.000000 0.000000 0.001075 
0.000000 0.000000 0.000000 0.393759 0.000037 0.000043 0.000000 0.544487 0.000029 0.000000 0.001145 0.000000 0.000227 0.000000 0.060167 0.000001 0.000001 0.000000 0.000000 0.000104 
0.000000 0.000000 0.000000 0.007116 0.012447 0.001536 0.000000 0.869456 0.006066 0.000000 0.018892 0.000000 0.032569 0.000000 0.047530 0.000738 0.000045 0.000000 0.000000 0.003604 
0.000000 0.000000 0.000000 0.385604 0.000001 0.000004 0.000000 0.354979 0.000001 0.000000 0.000928 0.000000 0.000002 0.000000 0.258443 0.000000 0.000003 0.000000 0.000000 0.000034 
0.000000 0.000000 0.000000 0.000452 0.008990 0.000080 0.000000 0.956607 0.002696 0.000000 0.004841 0.000000 0.002134 0.000000 0.021948 0.000664 0.000000 0.000000 0.000000 0.001587 
0.000000 0.000000 0.000000 0.701545 0.000000 0.000001 0.000000 0.054374 0.000000 0.000000 0.000547 0.000000 0.000000 0.000000 0.243005 0.000000 0.000518 0.000000 0.000000 0.000009 
0.000000 0.000000 0.000000 0.000058 0.015503 0.000042 0.000000 0.946767 0.004013 0.000000 0.006190 0.000000 0.000946 0.000000 0.022895 0.001256 0.000000 0.000000 0.000000 0.002329 
0.000000 0.000000 0.000000 0.001970 0.005147 0.000016 0.000000 0.952062 0.001251 0.000000 0.001971 0.000000 0.000462 0.000000 0.036006 0.000376 0.000000 0.000000 0.000000 0.000738 
0.000000 0.000000 0.000000 0.004165 0.006554 0.000008 0.000000 0.907804 0.001348 0.000000 0.001768 0.000000 0.000210 0.000000 0.076936 0.000484 0.000000 0.000000 0.000000 0.000726 
0.000000 0.000000 0.000000 0.469212 0.000020 0.000032 0.000000 0.459194 0.000017 0.000000 0.001098 0.000000 0.000110 0.000000 0.070233 0.000001 0.000001 0.000000 0.000000 0.000081 
0.000000 0.000000 0.000000 0.304695 0.000235 0.000058 0.000000 0.157434 0.000096 0.000000 0.001634 0.000000 0.001025 0.000000 0.534470 0.000009 0.000000 0.000000 0.000000 0.000345 
0.000000 0.000000 0.000000 0.306968 0.000161 0.000047 0.000000 0.591179 0.000076 0.000000 0.001069 0.000000 0.000748 0.000000 0.099553 0.000007 0.000000 0.000000 0.000000 0.000192 
0.000000 0.000000 0.000000 0.495677 0.000122 0.000145 0.000000 0.428997 0.000104 0.000000 0.002917 0.000000 0.000685 0.000000 0.071093 0.000004 0.000037 0.000000 0.000000 0.000220 
0.000000 0.000000 0.000000 0.300583 0.000677 0.000046 0.000000 0.546811 0.000234 0.000000 0.001276 0.000000 0.001298 0.000000 0.148714 0.000033 0.000000 0.000000 0.000000 0.000329 
0.000000 0.000000 0.000000 0.257573 0.000987 0.000026 0.000000 0.020838 0.000253 0.000000 0.000967 0.000000 0.001000 0.000000 0.717993 0.000046 0.000000 0.000000 0.000000 0.000318 
0.000000 0.000000 0.000000 0.104103 0.000467 0.000078 0.000000 0.854967 0.000213 0.000000 0.001425 0.000000 0.001576 0.000000 0.036872 0.000023 0.000000 0.000000 0.000000 0.000276 
0.000000 0.000000 0.000000 0.331265 0.000142 0.000046 0.000000 0.543718 0.000068 0.000000 0.001105 0.000000 0.000696 0.000000 0.122760 0.000006 0.000000 0.000000 0.000000 0.000195 
0.000000 0.000000 0.000000 0.045587 0.001679 0.000346 0.000000 0.903086 0.000866 0.000000 0.004623 0.000000 0.006333 0.000000 0.036605 0.000086 0.000003 0.000000 0.000000 0.000786 
0.000000 0.000000 0.000000 0.009196 0.005718 0.000589 0.000000 0.923776 0.002619 0.000000 0.008627 0.000000 0.013223 0.000000 0.034149 0.000337 0.000006 0.000000 0.000000 0.001760 
0.000000 0.000000 0.000000 0.148001 0.000022 0.000033 0.000000 0.260489 0.000015 0.000000 0.001796 0.000000 0.000146 0.000000 0.589292 0.000001 0.000000 0.000000 0.000000 0.000205 
0.000000 0.000000 0.000000 0.009663 0.000000 0.000001 0.000000 0.133134 0.000000 0.000000 0.001031 0.000000 0.000000 0.000000 0.856131 0.000000 0.000000 0.000000 0.000000 0.000038 
0.000000 0.000000 0.000000 0.035022 0.001445 0.000046 0.000000 0.921024 0.000480 0.000000 0.001459 0.000000 0.001388 0.000000 0.038643 0.000085 0.000000 0.000000 0.000000 0.000407 
0.000000 0.000000 0.000000 0.000075 0.000000 0.000000 0.000000 0.009694 0.000000 0.000000 0.000109 0.000000 0.000000 0.000000 0.990114 0.000000 0.000007 0.000000 0.000000 0.000001 
0.000000 0.000000 0.000000 0.353248 0.000143 0.000048 0.000000 0.478099 0.000068 0.000000 0.001197 0.000000 0.000709 0.000000 0.166270 0.000006 0.000000 0.000000 0.000000 0.000214 
0.000000 0.000000 0.000000 0.076839 0.002186 0.000000 0.000000 0.000094 0.000254 0.000000 0.000108 0.000000 0.000014 0.000000 0.920323 0.000128 0.000000 0.000000 0.000000 0.000053 
0.000000 0.000000 0.000000 0.005971 0.006986 0.000581 0.000000 0.925584 0.003080 0.000000 0.009192 0.000000 0.013607 0.000000 0.032588 0.000426 0.000005 0.000000 0.000000 0.001978 
0.000000 0.000000 0.000000 0.332564 0.000057 0.000040 0.000000 0.485392 0.000032 0.000000 0.001187 0.000000 0.000355 0.000000 0.180205 0.000002 0.000000 0.000000 0.000000 0.000166 
0.000000 0.000000 0.000000 0.254234 0.000065 0.000048 0.000000 0.284747 0.000035 0.000000 0.001697 0.000000 0.000414 0.000000 0.458506 0.000002 0.000000 0.000000 0.000000 0.000252 
0.000000 0.000000 0.000000 0.673656 0.000000 0.000000 0.000000 0.030841 0.000000 0.000000 0.000442 0.000000 0.000000 0.000000 0.293772 0.000000 0.001283 0.000000 0.000000 0.000005 
0.000000 0.000000 0.000000 0.000060 0.012879 0.000019 0.000000 0.950979 0.003023 0.000000 0.004435 0.000000 0.000392 0.000000 0.025386 0.001057 0.000000 0.000000 0.000000 0.001771 
0.000000 0.000000 0.000000 0.003920 0.004378 0.000155 0.000000 0.956695 0.001606 0.000000 0.004051 0.000000 0.004173 0.000000 0.023672 0.000283 0.000000 0.000000 0.000000 0.001068 
0.000000 0.000000 0.000000 0.163944 0.000548 0.000049 0.000000 0.766863 0.000210 0.000000 0.001178 0.000000 0.001254 0.000000 0.065650 0.000027 0.000000 0.000000 0.000000 0.000276 
0.000000 0.000000 0.000000 0.005221 0.003137 0.000054 0.000000 0.960283 0.000990 0.000000 0.002226 0.000000 0.001603 0.000000 0.025607 0.000208 0.000000 0.000000 0.000000 0.000672 
0.000000 0.000000 0.000000 0.234117 0.000881 0.000027 0.000000 0.017734 0.000231 0.000000 0.000966 0.000000 0.001010 0.000000 0.744682 0.000040 0.000000 0.000000 0.000000 0.000312 
0.000000 0.000000 0.000000 0.040239 0.004779 0.000015 0.000000 0.817329 0.001065 0.000000 0.001645 0.000000 0.000507 0.000000 0.133474 0.000318 0.000000 0.000000 0.000000 0.000630 
0.000000 0.000000 0.000000 0.403256 0.000092 0.000095 0.000000 0.535942 0.000071 0.000000 0.001948 0.000000 0.000550 0.000000 0.057865 0.000003 0.000005 0.000000 0.000000 0.000172 
0.000000 0.000000 0.000000 0.753118 0.000000 0.000001 0.000000 0.036045 0.000000 0.000000 0.000502 0.000000 0.000000 0.000000 0.209441 0.000000 0.000886 0.000000 0.000000 0.000007 
0.000000 0.000000 0.000000 0.398804 0.000513 0.000050 0.000000 0.334983 0.000182 0.000000 0.001362 0.000000 0.001292 0.000000 0.262454 0.000023 0.000000 0.000000 0.000000 0.000337 
0.000000 0.000000 0.000000 0.861141 0.000001 0.000002 0.000000 0.001654 0.000002 0.000000 0.000547 0.000000 0.000000 0.000000 0.106010 0.000000 0.030637 0.000000 0.000000 0.000007 
0.000000 0.000000 0.000000 0.080316 0.000592 0.000018 0.000000 0.001816 0.000147 0.000000 0.000643 0.000000 0.000715 0.000000 0.915512 0.000025 0.000000 0.000000 0.000000 0.000215 
0.000000 0.000000 0.000000 0.000160 0.000003 0.000008 0.000000 0.000547 0.000002 0.000000 0.000845 0.000000 0.000020 0.000000 0.998309 0.000000 0.000000 0.000000 0.000000 0.000107 
0.000000 0.000000 0.000000 0.000177 0.011386 0.000002 0.000000 0.911982 0.001986 0.000000 0.002365 0.000000 0.000038 0.000000 0.070051 0.000941 0.000000 0.000000 0.000000 0.001072 
0.000000 0.000000 0.000000 0.211833 0.000188 0.000057 0.000000 0.735238 0.000095 0.000000 0.001110 0.000000 0.000885 0.000000 0.050400 0.000008 0.000000 0.000000 0.000000 0.000186 
0.000000 0.000000 0.000000 0.282975 0.000001 0.000004 0.000000 0.388935 0.000001 0.000000 0.000991 0.000000 0.000002 0.000000 0.327053 0.000000 0.000001 0.000000 0.000000 0.000037 
0.000000 0.000000 0.000000 0.009289 0.005829 0.000611 0.000000 0.922300 0.002682 0.000000 0.008861 0.000000 0.013661 0.000000 0.034620 0.000343 0.000006 0.000000 0.000000 0.001798 
0.000000 0.000000 0.000000 0.017429 0.003368 0.000020 0.000000 0.914451 0.000851 0.000000 0.001543 0.000000 0.000650 0.000000 0.060917 0.000224 0.000000 0.000000 0.000000 0.000547 
0.000000 0.000000 0.000000 0.331686 0.003500 0.000014 0.000000 0.105797 0.000721 0.000000 0.001157 0.000000 0.000623 0.000000 0.555850 0.000201 0.000000 0.000000 0.000000 0.000450 
0.000000 0.000000 0.000000 0.350688 0.000163 0.000143 0.000000 0.587997 0.000121 0.000000 0.002509 0.000000 0.000990 0.000000 0.057138 0.000006 0.000007 0.000000 0.000000 0.000238 
0.000000 0.000000 0.000000 0.010222 0.013687 0.000000 0.000000 0.116186 0.001564 0.000000 0.000968 0.000000 0.000003 0.000000 0.855865 0.001033 0.000000 0.000000 0.000000 0.000472 
0.000000 0.000000 0.000000 0.344176 0.000062 0.000056 0.000000 0.600376 0.000044 0.000000 0.001251 0.000000 0.000385 0.000000 0.053519 0.000002 0.000000 0.000000 0.000000 0.000128 
0.000000 0.000000 0.000000 0.072601 0.000000 0.000003 0.000000 0.313802 0.000001 0.000000 0.001134 0.000000 0.000001 0.000000 0.612416 0.000000 0.000000 0.000000 0.000000 0.000043 
0.000000 0.000000 0.000000 0.321152 0.000002 0.000007 0.000000 0.435346 0.000002 0.000000 0.000995 0.000000 0.000006 0.000000 0.242442 0.000000 0.000001 0.000000 0.000000 0.000047 
0.000000 0.000000 0.000000 0.745581 0.000042 0.000076 0.000000 0.003179 0.000064 0.000000 0.003736 0.000000 0.000051 0.000000 0.135628 0.000001 0.111561 0.000000 0.000000 0.000082 
0.000000 0.000000 0.000000 0.000000 0.453994 0.000319 0.000000 0.047302 0.120479 0.000000 0.218592 0.000000 0.002514 0.000000 0.013055 0.048211 0.000485 0.000000 0.000000 0.095048 
0.000000 0.000000 0.000000 0.048827 0.000000 0.000001 0.000000 0.218193 0.000000 0.000000 0.000823 0.000000 0.000000 0.000000 0.732136 0.000000 0.000002 0.000000 0.000000 0.000019 
0.000000 0.000000 0.000000 0.360336 0.000265 0.000057 0.000000 0.222877 0.000107 0.000000 0.001543 0.000000 0.001073 0.000000 0.413402 0.000010 0.000000 0.000000 0.000000 0.000330 
0.000000 0.000000 0.000000 0.405357 0.000070 0.000075 0.000000 0.535201 0.000054 0.000000 0.001653 0.000000 0.000420 0.000000 0.057018 0.000002 0.000003 0.000000 0.000000 0.000146 
0.000000 0.000000 0.000000 0.157063 0.000532 0.000050 0.000000 0.777617 0.000206 0.000000 0.001177 0.000000 0.001257 0.000000 0.061798 0.000027 0.000000 0.000000 0.000000 0.000272 
0.000000 0.000000 0.000000 0.000007 0.183651 0.022182 0.000000 0.011570 0.100696 0.000000 0.145768 0.000000 0.439542 0.000000 0.024109 0.012723 0.033688 0.000000 0.000000 0.026064 
0.000000 0.000000 0.000000 0.455050 0.000019 0.000030 0.000000 0.471983 0.000016 0.000000 0.001055 0.000000 0.000105 0.000000 0.071660 0.000001 0.000001 0.000000 0.000000 0.000079 
0.000000 0.000000 0.000000 0.280766 0.000124 0.000047 0.000000 0.644705 0.000064 0.000000 0.001016 0.000000 0.000642 0.000000 0.072468 0.000005 0.000000 0.000000 0.000000 0.000164 
0.000000 0.000000 0.000000 0.070561 0.001134 0.000044 0.000000 0.873217 0.000380 0.000000 0.001320 0.000000 0.001318 0.000000 0.051603 0.000064 0.000000 0.000000 0.000000 0.000360 
0.000000 0.000000 0.000000 0.097421 0.000867 0.000047 0.000000 0.843896 0.000307 0.000000 0.001266 0.000000 0.001342 0.000000 0.054481 0.000047 0.000000 0.000000 0.000000 0.000325 
0.000000 0.000000 0.000000 0.063334 0.001435 0.000038 0.000000 0.874239 0.000450 0.000000 0.001349 0.000000 0.001211 0.000000 0.057467 0.000084 0.000000 0.000000 0.000000 0.000393 
0.000000 0.000000 0.000000 0.205995 0.000476 0.000049 0.000000 0.712452 0.000184 0.000000 0.001158 0.000000 0.001196 0.000000 0.078200 0.000023 0.000000 0.000000 0.000000 0.000267 
0.000000 0.000000 0.000000 0.337855 0.000022 0.000027 0.000000 0.539034 0.000015 0.000000 0.000991 0.000000 0.000137 0.000000 0.121818 0.000001 0.000000 0.000000 0.000000 0.000101 
0.000000 0.000000 0.000000 0.168069 0.000562 0.000049 0.000000 0.760088 0.000213 0.000000 0.001180 0.000000 0.001254 0.000000 0.068277 0.000028 0.000000 0.000000 0.000000 0.000280 
0.000000 0.000000 0.000000 0.012133 0.000169 0.000020 0.000000 0.000433 0.000052 0.000000 0.000629 0.000000 0.000520 0.000000 0.985861 0.000006 0.000000 0.000000 0.000000 0.000177 
0.000000 0.000000 0.000000 0.356815 0.000372 0.000050 0.000000 0.466891 0.000144 0.000000 0.001252 0.000000 0.001137 0.000000 0.173038 0.000017 0.000000 0.000000 0.000000 0.000284 
0.000000 0.000000 0.000000 0.479330 0.000036 0.000050 0.000000 0.455120 0.000030 0.000000 0.001387 0.000000 0.000197 0.000000 0.063741 0.000001 0.000004 0.000000 0.000000 0.000105 
0.000000 0.000000 0.000000 0.270184 0.000145 0.000096 0.000000 0.679747 0.000096 0.000000 0.001705 0.000000 0.000876 0.000000 0.046947 0.000006 0.000001 0.000000 0.000000 0.000196 
0.000000 0.000000 0.000000 0.000021 0.014296 0.000004 0.000000 0.936573 0.002690 0.000000 0.003608 0.000000 0.000053 0.000000 0.039904 0.001233 0.000000 0.000000 0.000000 0.001617 
0.000000 0.000000 0.000000 0.018574 0.002889 0.003184 0.000000 0.000448 0.003337 0.000000 0.023778 0.000000 0.010148 0.000000 0.072797 0.000098 0.863798 0.000000 0.000000 0.000948 
0.000000 0.000000 0.000000 0.006875 0.000001 0.000003 0.000000 0.088810 0.000001 0.000000 0.001215 0.000000 0.000001 0.000000 0.903032 0.000000 0.000000 0.000000 0.000000 0.000063 
0.000000 0.000000 0.000000 0.175611 0.000081 0.000052 0.000000 0.145305 0.000041 0.000000 0.001841 0.000000 0.000504 0.000000 0.676261 0.000003 0.000000 0.000000 0.000000 0.000301 
0.000000 0.000000 0.000000 0.330435 0.000059 0.000038 0.000000 0.556365 0.000034 0.000000 0.001027 0.000000 0.000362 0.000000 0.111536 0.000002 0.000000 0.000000 0.000000 0.000142 
0.000000 0.000000 0.000000 0.392385 0.000016 0.000024 0.000000 0.517741 0.000013 0.000000 0.000938 0.000000 0.000090 0.000000 0.088715 0.000000 0.000000 0.000000 0.000000 0.000078 
0.000000 0.000000 0.000000 0.305811 0.000861 0.000044 0.000000 0.521474 0.000281 0.000000 0.001324 0.000000 0.001339 0.000000 0.168463 0.000043 0.000000 0.000000 0.000000 0.000360 
0.000000 0.000000 0.000000 0.001871 0.000001 0.000004 0.000000 0.028243 0.000001 0.000000 0.001160 0.000000 0.000002 0.000000 0.968644 0.000000 0.000000 0.000000 0.000000 0.000075 
0.000000 0.000000 0.000000 0.011573 0.016213 0.000001 0.000000 0.361078 0.002171 0.000000 0.001658 0.000000 0.000017 0.000000 0.605271 0.001227 0.000000 0.000000 0.000000 0.000791 
0.000000 0.000000 0.000000 0.081318 0.000013 0.000026 0.000000 0.183162 0.000010 0.000000 0.001824 0.000000 0.000085 0.000000 0.733370 0.000000 0.000000 0.000000 0.000000 0.000191 
0.000000 0.000000 0.000000 0.099174 0.000003 0.000011 0.000000 0.338785 0.000003 0.000000 0.001471 0.000000 0.000013 0.000000 0.560445 0.000000 0.000000 0.000000 0.000000 0.000097 
0.000000 0.000000 0.000000 0.615180 0.000003 0.000009 0.000000 0.261891 0.000004 0.000000 0.000901 0.000000 0.000008 0.000000 0.121955 0.000000 0.000012 0.000000 0.000000 0.000037 
0.000000 0.000000 0.000000 0.000143 0.012484 0.000058 0.000000 0.951660 0.003444 0.000000 0.005599 0.000000 0.001414 0.000000 0.022232 0.000974 0.000000 0.000000 0.000000 0.001991 
0.000000 0.000000 0.000000 0.000625 0.000000 0.000003 0.000000 0.013599 0.000000 0.000000 0.001031 0.000000 0.000001 0.000000 0.984674 0.000000 0.000000 0.000000 0.000000 0.000066 
0.000000 0.000000 0.000000 0.293830 0.000264 0.000048 0.000000 0.599709 0.000113 0.000000 0.001118 0.000000 0.000968 0.000000 0.103709 0.000012 0.000000 0.000000 0.000000 0.000229 
0.000000 0.000000 0.000000 0.000018 0.015009 0.000001 0.000000 0.917161 0.002511 0.000000 0.003239 0.000000 0.000017 0.000000 0.059224 0.001310 0.000000 0.000000 0.000000 0.001510 
0.000000 0.000000 0.000000 0.230675 0.000145 0.000058 0.000000 0.717724 0.000079 0.000000 0.001120 0.000000 0.000767 0.000000 0.049256 0.000006 0.000000 0.000000 0.000000 0.000170 
0.000000 0.000000 0.000000 0.214116 0.002567 0.000004 0.000000 0.005618 0.000439 0.000000 0.000486 0.000000 0.000226 0.000000 0.776192 0.000143 0.000000 0.000000 0.000000 0.000208 
0.000000 0.000000 0.000000 0.004277 0.004236 0.000018 0.000000 0.947161 0.001060 0.000000 0.001773 0.000000 0.000552 0.000000 0.039979 0.000299 0.000000 0.000000 0.000000 0.000645 
0.000000 0.000000 0.000000 0.338150 0.000026 0.000029 0.000000 0.546846 0.000018 0.000000 0.000986 0.000000 0.000169 0.000000 0.113668 0.000001 0.000000 0.000000 0.000000 0.000106 
0.000000 0.000000 0.000000 0.160792 0.000416 0.000054 0.000000 0.780834 0.000173 0.000000 0.001157 0.000000 0.001211 0.000000 0.055096 0.000020 0.000000 0.000000 0.000000 0.000248 
0.000000 0.000000 0.000000 0.572017 0.000015 0.000028 0.000000 0.349706 0.000014 0.000000 0.001177 0.000000 0.000066 0.000000 0.076899 0.000000 0.000007 0.000000 0.000000 0.000070 
0.000000 0.000000 0.000000 0.000217 0.000000 0.000000 0.000000 0.000000 0.000000 0.000000 0.000000 0.000000 0.000000 0.000000 0.000562 0.000000 0.999221 0.000000 0.000000 0.000000 
0.000000 0.000000 0.000000 0.000204 0.000000 0.000000 0.000000 0.000000 0.000000 0.000000 0.000000 0.000000 0.000000 0.000000 0.000963 0.000000 0.998833 0.000000 0.000000 0.000000 
0.000000 0.000000 0.000000 0.000018 0.000000 0.000000 0.000000 0.000000 0.000000 0.000000 0.000002 0.000000 0.000000 0.000000 0.000233 0.000000 0.999747 0.000000 0.000000 0.000000 
0.000000 0.000000 0.000000 0.023109 0.000006 0.000007 0.000000 0.000001 0.000011 0.000000 0.000411 0.000000 0.000002 0.000000 0.016286 0.000000 0.960163 0.000000 0.000000 0.000004 
0.000000 0.000000 0.000000 0.000344 0.000000 0.000000 0.000000 0.000000 0.000000 0.000000 0.000000 0.000000 0.000000 0.000000 0.158973 0.000000 0.840683 0.000000 0.000000 0.000000 
0.000000 0.000000 0.000000 0.000301 0.000000 0.000000 0.000000 0.000000 0.000000 0.000000 0.000000 0.000000 0.000000 0.000000 0.021990 0.000000 0.977709 0.000000 0.000000 0.000000 
0.000000 0.000000 0.000000 0.094795 0.000000 0.000000 0.000000 0.000000 0.000000 0.000000 0.000090 0.000000 0.000000 0.000000 0.025432 0.000000 0.879681 0.000000 0.000000 0.000000 
0.000000 0.000000 0.000000 0.000960 0.000000 0.000000 0.000000 0.000000 0.000000 0.000000 0.000000 0.000000 0.000000 0.000000 0.002506 0.000000 0.996534 0.000000 0.000000 0.000000 
0.000000 0.000000 0.000000 0.000002 0.000017 0.000013 0.000000 0.000000 0.000029 0.000000 0.000092 0.000000 0.000012 0.000000 0.000303 0.000000 0.999531 0.000000 0.000000 0.000001 
0.000000 0.000000 0.000000 0.000664 0.000000 0.000000 0.000000 0.000000 0.000000 0.000000 0.000000 0.000000 0.000000 0.000000 0.003324 0.000000 0.996011 0.000000 0.000000 0.000000 
0.000000 0.000000 0.000000 0.008311 0.000000 0.000000 0.000000 0.000000 0.000000 0.000000 0.000001 0.000000 0.000000 0.000000 0.004441 0.000000 0.987248 0.000000 0.000000 0.000000 
0.000000 0.000000 0.000000 0.000000 0.000000 0.000000 0.000000 0.000000 0.000000 0.000000 0.000000 0.000000 0.000000 0.000000 0.204483 0.000000 0.795517 0.000000 0.000000 0.000000 
0.000000 0.000000 0.000000 0.003349 0.000000 0.000000 0.000000 0.000000 0.000000 0.000000 0.000002 0.000000 0.000000 0.000000 0.002476 0.000000 0.994173 0.000000 0.000000 0.000000 
0.000000 0.000000 0.000000 0.000003 0.000000 0.000000 0.000000 0.000000 0.000000 0.000000 0.000000 0.000000 0.000000 0.000002 0.046745 0.000000 0.953251 0.000000 0.000000 0.000000 
0.000000 0.000000 0.000000 0.002942 0.000000 0.000000 0.000000 0.000000 0.000000 0.000000 0.000000 0.000000 0.000000 0.000000 0.003933 0.000000 0.993124 0.000000 0.000000 0.000000 
0.000000 0.000000 0.000000 0.004749 0.000000 0.000000 0.000000 0.000000 0.000000 0.000000 0.000000 0.000000 0.000000 0.000000 0.003345 0.000000 0.991905 0.000000 0.000000 0.000000 
0.000000 0.000000 0.000000 0.000425 0.000000 0.000000 0.000000 0.000000 0.000000 0.000000 0.000000 0.000000 0.000000 0.000000 0.012894 0.000000 0.986681 0.000000 0.000000 0.000000 
0.000000 0.000000 0.000000 0.000102 0.000000 0.000000 0.000000 0.000000 0.000000 0.000000 0.000000 0.000000 0.000000 0.000000 0.023023 0.000000 0.976874 0.000000 0.000000 0.000000 
0.000000 0.000000 0.000000 0.001642 0.000000 0.000000 0.000000 0.000000 0.000000 0.000000 0.000000 0.000000 0.000000 0.000000 0.371014 0.000000 0.627345 0.000000 0.000000 0.000000 
0.000000 0.000000 0.000000 0.002345 0.000000 0.000000 0.000000 0.000000 0.000000 0.000000 0.000000 0.000000 0.000000 0.000000 0.002726 0.000000 0.994929 0.000000 0.000000 0.000000 
0.000000 0.000000 0.000000 0.000223 0.000000 0.000000 0.000000 0.000000 0.000000 0.000000 0.000000 0.000000 0.000000 0.000000 0.008139 0.000000 0.991638 0.000000 0.000000 0.000000 
0.000000 0.000000 0.000000 0.000137 0.000000 0.000000 0.000000 0.000000 0.000000 0.000000 0.000000 0.000000 0.000000 0.000002 0.001622 0.000000 0.998239 0.000000 0.000000 0.000000 
0.000000 0.000000 0.000000 0.000301 0.000000 0.000000 0.000000 0.000000 0.000000 0.000000 0.000000 0.000000 0.000000 0.000000 0.027509 0.000000 0.972190 0.000000 0.000000 0.000000 
0.000000 0.000000 0.000000 0.004825 0.000000 0.000000 0.000000 0.000000 0.000000 0.000000 0.000000 0.000000 0.000000 0.000000 0.008172 0.000000 0.987002 0.000000 0.000000 0.000000 
0.000000 0.000000 0.000000 0.000287 0.000000 0.000000 0.000000 0.000000 0.000000 0.000000 0.000000 0.000000 0.000000 0.000000 0.001860 0.000000 0.997852 0.000000 0.000000 0.000000 
0.000000 0.000000 0.000000 0.000021 0.000000 0.000000 0.000000 0.000000 0.000000 0.000000 0.000000 0.000000 0.000000 0.000001 0.000363 0.000000 0.999615 0.000000 0.000000 0.000000 
0.000000 0.000000 0.000000 0.001961 0.000000 0.000000 0.000000 0.000000 0.000000 0.000000 0.000000 0.000000 0.000000 0.000000 0.001743 0.000000 0.996296 0.000000 0.000000 0.000000 
0.000000 0.000000 0.000000 0.038574 0.000000 0.000000 0.000000 0.000000 0.000000 0.000000 0.000001 0.000000 0.000000 0.000000 0.213176 0.000000 0.748249 0.000000 0.000000 0.000000 
0.000000 0.000000 0.000000 0.001145 0.000000 0.000000 0.000000 0.000000 0.000000 0.000000 0.000001 0.000000 0.000000 0.000000 0.001335 0.000000 0.997519 0.000000 0.000000 0.000000 
0.000000 0.000000 0.000000 0.000748 0.000000 0.000000 0.000000 0.000000 0.000001 0.000000 0.000023 0.000000 0.000000 0.000000 0.001683 0.000000 0.997544 0.000000 0.000000 0.000000 
0.000000 0.000000 0.000000 0.000511 0.000000 0.000000 0.000000 0.000000 0.000000 0.000000 0.000000 0.000000 0.000000 0.000000 0.013895 0.000000 0.985593 0.000000 0.000000 0.000000 
0.000000 0.000000 0.000000 0.004613 0.000000 0.000000 0.000000 0.000000 0.000000 0.000000 0.000000 0.000000 0.000000 0.000000 0.004757 0.000000 0.990630 0.000000 0.000000 0.000000 
0.000000 0.000000 0.000000 0.000052 0.000000 0.000000 0.000000 0.000000 0.000000 0.000000 0.000000 0.000000 0.000000 0.000000 0.000389 0.000000 0.999559 0.000000 0.000000 0.000000 
0.000000 0.000000 0.000000 0.000084 0.000000 0.000000 0.000000 0.000000 0.000000 0.000000 0.000000 0.000000 0.000000 0.000014 0.004114 0.000000 0.995789 0.000000 0.000000 0.000000 
0.000000 0.000000 0.000000 0.150281 0.000000 0.000000 0.000000 0.000000 0.000000 0.000000 0.000019 0.000000 0.000000 0.000000 0.036455 0.000000 0.813244 0.000000 0.000000 0.000000 
0.000000 0.000000 0.000000 0.014535 0.000000 0.000000 0.000000 0.000046 0.000000 0.000000 0.000009 0.000000 0.000000 0.000000 0.888533 0.000000 0.096877 0.000000 0.000000 0.000000 
0.000000 0.000000 0.000000 0.000202 0.000000 0.000000 0.000000 0.000000 0.000000 0.000000 0.000000 0.000000 0.000000 0.000001 0.002221 0.000000 0.997575 0.000000 0.000000 0.000000 
0.000000 0.000000 0.000000 0.606849 0.000000 0.000000 0.000000 0.000139 0.000000 0.000000 0.000081 0.000000 0.000000 0.000000 0.265650 0.000000 0.127281 0.000000 0.000000 0.000000 
0.000000 0.000000 0.000000 0.000093 0.000000 0.000000 0.000000 0.000000 0.000000 0.000000 0.000000 0.000000 0.000000 0.000008 0.002272 0.000000 0.997627 0.000000 0.000000 0.000000 
0.000000 0.000000 0.000000 0.000026 0.000000 0.000000 0.000000 0.000000 0.000000 0.000000 0.000000 0.000000 0.000000 0.000262 0.012753 0.000000 0.986958 0.000000 0.000000 0.000000 
0.000000 0.000000 0.000000 0.000003 0.000000 0.000000 0.000000 0.000000 0.000000 0.000000 0.000001 0.000000 0.000000 0.000000 0.000109 0.000000 0.999887 0.000000 0.000000 0.000000 
0.000000 0.000000 0.000000 0.000294 0.000000 0.000000 0.000000 0.000000 0.000000 0.000000 0.000000 0.000000 0.000000 0.000000 0.104286 0.000000 0.895420 0.000000 0.000000 0.000000 
0.000000 0.000000 0.000000 0.000084 0.000000 0.000000 0.000000 0.000000 0.000000 0.000000 0.000000 0.000000 0.000000 0.000004 0.001292 0.000000 0.998620 0.000000 0.000000 0.000000 
0.000000 0.000000 0.000000 0.000109 0.000000 0.000000 0.000000 0.000000 0.000000 0.000000 0.000000 0.000000 0.000000 0.000000 0.020131 0.000000 0.979759 0.000000 0.000000 0.000000 
0.000000 0.000000 0.000000 0.000180 0.000000 0.000000 0.000000 0.000000 0.000000 0.000000 0.000000 0.000000 0.000000 0.000002 0.004299 0.000000 0.995520 0.000000 0.000000 0.000000 
0.000000 0.000000 0.000000 0.000047 0.000000 0.000000 0.000000 0.000000 0.000000 0.000000 0.000000 0.000000 0.000000 0.000000 0.000369 0.000000 0.999583 0.000000 0.000000 0.000000 
0.000000 0.000000 0.000000 0.000004 0.000000 0.000000 0.000000 0.000000 0.000000 0.000000 0.000001 0.000000 0.000000 0.000000 0.000120 0.000000 0.999876 0.000000 0.000000 0.000000 
0.000000 0.000000 0.000000 0.000000 0.000285 0.000208 0.000000 0.000000 0.000378 0.000000 0.000359 0.000000 0.000707 0.000000 0.000112 0.000010 0.997930 0.000000 0.000000 0.000010 
0.000000 0.000000 0.000000 0.005813 0.000000 0.000000 0.000000 0.000000 0.000000 0.000000 0.000000 0.000000 0.000000 0.000000 0.004468 0.000000 0.989718 0.000000 0.000000 0.000000 
0.000000 0.000000 0.000000 0.000070 0.000000 0.000000 0.000000 0.000000 0.000000 0.000000 0.000000 0.000000 0.000000 0.000000 0.000320 0.000000 0.999610 0.000000 0.000000 0.000000 
0.000000 0.000000 0.000000 0.068320 0.000000 0.000000 0.000000 0.000000 0.000000 0.000000 0.000001 0.000000 0.000000 0.000000 0.101759 0.000000 0.829919 0.000000 0.000000 0.000000 
0.000000 0.000000 0.000000 0.000362 0.000000 0.000000 0.000000 0.000000 0.000000 0.000000 0.000000 0.000000 0.000000 0.000000 0.000691 0.000000 0.998947 0.000000 0.000000 0.000000 
0.000000 0.000000 0.000000 0.140713 0.000000 0.000000 0.000000 0.000000 0.000000 0.000000 0.000005 0.000000 0.000000 0.000000 0.189897 0.000000 0.669385 0.000000 0.000000 0.000000 
0.000000 0.000000 0.000000 0.002575 0.000000 0.000000 0.000000 0.000000 0.000000 0.000000 0.000000 0.000000 0.000000 0.000000 0.063070 0.000000 0.934355 0.000000 0.000000 0.000000 
0.000000 0.000000 0.000000 0.004461 0.000000 0.000000 0.000000 0.000000 0.000000 0.000000 0.000000 0.000000 0.000000 0.000000 0.031572 0.000000 0.963967 0.000000 0.000000 0.000000 
0.000000 0.000000 0.000000 0.053809 0.000000 0.000000 0.000000 0.000000 0.000000 0.000000 0.000001 0.000000 0.000000 0.000000 0.187836 0.000000 0.758353 0.000000 0.000000 0.000000 
0.000000 0.000000 0.000000 0.000176 0.000000 0.000000 0.000000 0.000000 0.000000 0.000000 0.000008 0.000000 0.000000 0.000000 0.000745 0.000000 0.999070 0.000000 0.000000 0.000000 
0.000000 0.000000 0.000000 0.007826 0.000000 0.000000 0.000000 0.000000 0.000000 0.000000 0.000002 0.000000 0.000000 0.000000 0.004072 0.000000 0.988099 0.000000 0.000000 0.000000 
0.000000 0.000000 0.000000 0.000362 0.000000 0.000000 0.000000 0.000000 0.000000 0.000000 0.000000 0.000000 0.000000 0.000000 0.001007 0.000000 0.998631 0.000000 0.000000 0.000000 
0.000000 0.000000 0.000000 0.003963 0.000000 0.000000 0.000000 0.000000 0.000000 0.000000 0.000000 0.000000 0.000000 0.000000 0.002740 0.000000 0.993297 0.000000 0.000000 0.000000 
0.000000 0.000000 0.000000 0.411178 0.000000 0.000000 0.000000 0.000004 0.000000 0.000000 0.000062 0.000000 0.000000 0.000000 0.082833 0.000000 0.505924 0.000000 0.000000 0.000000 
0.000000 0.000000 0.000000 0.000132 0.000000 0.000000 0.000000 0.000000 0.000000 0.000000 0.000000 0.000000 0.000000 0.000000 0.042504 0.000000 0.957364 0.000000 0.000000 0.000000 
0.000000 0.000000 0.000000 0.000085 0.000000 0.000000 0.000000 0.000000 0.000000 0.000000 0.000000 0.000000 0.000000 0.000000 0.041673 0.000000 0.958241 0.000000 0.000000 0.000000 
0.000000 0.000000 0.000000 0.004474 0.000000 0.000000 0.000000 0.000000 0.000000 0.000000 0.000000 0.000000 0.000000 0.000000 0.002881 0.000000 0.992645 0.000000 0.000000 0.000000 
0.000000 0.000000 0.000000 0.027790 0.000000 0.000000 0.000000 0.000000 0.000000 0.000000 0.000000 0.000000 0.000000 0.000000 0.025586 0.000000 0.946624 0.000000 0.000000 0.000000 
0.000000 0.000000 0.000000 0.000001 0.000000 0.000000 0.000000 0.000000 0.000000 0.000000 0.000000 0.000000 0.000000 0.000000 0.000058 0.000000 0.999941 0.000000 0.000000 0.000000 
0.000000 0.000000 0.000000 0.000450 0.000000 0.000000 0.000000 0.000000 0.000000 0.000000 0.000000 0.000000 0.000000 0.000000 0.008417 0.000000 0.991133 0.000000 0.000000 0.000000 
0.000000 0.000000 0.000000 0.003901 0.000000 0.000000 0.000000 0.000000 0.000000 0.000000 0.000000 0.000000 0.000000 0.000000 0.011342 0.000000 0.984757 0.000000 0.000000 0.000000 
0.000000 0.000000 0.000000 0.000000 0.000000 0.000000 0.000000 0.000000 0.000000 0.000000 0.000001 0.000000 0.000000 0.000000 0.000043 0.000000 0.999956 0.000000 0.000000 0.000000 
0.000000 0.000000 0.000000 0.000231 0.000000 0.000000 0.000000 0.000000 0.000000 0.000000 0.000000 0.000000 0.000000 0.000000 0.000741 0.000000 0.999029 0.000000 0.000000 0.000000 
